0	0	0
0	0.4	0.0490677
0	0.8	0.0980171
0	1.2	0.14673
0	1.6	0.19509
0	2	0.24298
0	2.4	0.290285
0	2.8	0.33689
0	3.2	0.382683
0	3.6	0.427555
0	4	0.471397
0	4.4	0.514103
0	4.8	0.55557
0	5.2	0.595699
0	5.6	0.634393
0	6	0.671559
0	6.4	0.707107
0	6.8	0.740951
0	7.2	0.77301
0	7.6	0.803208
0	8	0.83147
0	8.4	0.857729
0	8.8	0.881921
0	9.2	0.903989
0	9.6	0.92388
0	10	0.941544
0	10.4	0.95694
0	10.8	0.970031
0	11.2	0.980785
0	11.6	0.989177
0	12	0.995185
0	12.4	0.998795
0	12.8	1
0	13.2	0.998795
0	13.6	0.995185
0	14	0.989177
0	14.4	0.980785
0	14.8	0.970031
0	15.2	0.95694
0	15.6	0.941544
0	16	0.92388
0	16.4	0.903989
0	16.8	0.881921
0	17.2	0.857729
0	17.6	0.83147
0	18	0.803208
0	18.4	0.77301
0	18.8	0.740951
0	19.2	0.707107
0	19.6	0.671559
0	20	0.634393
0	20.4	0.595699
0	20.8	0.55557
0	21.2	0.514103
0	21.6	0.471397
0	22	0.427555
0	22.4	0.382683
0	22.8	0.33689
0	23.2	0.290285
0	23.6	0.24298
0	24	0.19509
0	24.4	0.14673
0	24.8	0.0980171
0	25.2	0.0490677
0	25.6	-0
0.4	0	0.0980171
0.4	0.4	0.135744
0.4	0.8	0.174212
0.4	1.2	0.21323
0.4	1.6	0.252612
0.4	2	0.292181
0.4	2.4	0.331766
0.4	2.8	0.371204
0.4	3.2	0.410338
0.4	3.6	0.449018
0.4	4	0.487099
0.4	4.4	0.524445
0.4	4.8	0.560922
0.4	5.2	0.596405
0.4	5.6	0.630773
0.4	6	0.663912
0.4	6.4	0.695714
0.4	6.8	0.726074
0.4	7.2	0.754897
0.4	7.6	0.78209
0.4	8	0.807568
0.4	8.4	0.831251
0.4	8.8	0.853064
0.4	9.2	0.87294
0.4	9.6	0.890815
0.4	10	0.906633
0.4	10.4	0.920343
0.4	10.8	0.931899
0.4	11.2	0.941263
0.4	11.6	0.9484
0.4	12	0.953283
0.4	12.4	0.95589
0.4	12.8	0.956204
0.4	13.2	0.954214
0.4	13.6	0.949915
0.4	14	0.943308
0.4	14.4	0.934398
0.4	14.8	0.923195
0.4	15.2	0.909717
0.4	15.6	0.893982
0.4	16	0.876019
0.4	16.4	0.855856
0.4	16.8	0.833528
0.4	17.2	0.809075
0.4	17.6	0.78254
0.4	18	0.75397
0.4	18.4	0.723414
0.4	18.8	0.690926
0.4	19.2	0.656563
0.4	19.6	0.620382
0.4	20	0.582445
0.4	20.4	0.542815
0.4	20.8	0.501555
0.4	21.2	0.45873
0.4	21.6	0.414404
0.4	22	0.368643
0.4	22.4	0.32151
0.4	22.8	0.273068
0.4	23.2	0.223378
0.4	23.6	0.172497
0.4	24	0.120481
0.4	24.4	0.067379
0.4	24.8	0.013237
0.4	25.2	-0.0419059
0.4	25.6	-0.0980171
0.8	0	0.19509
0.8	0.4	0.221677
0.8	0.8	0.249858
0.8	1.2	0.279365
0.8	1.6	0.309947
0.8	2	0.341365
0.8	2.4	0.373394
0.8	2.8	0.405821
0.8	3.2	0.438446
0.8	3.6	0.471078
0.8	4	0.503538
0.8	4.4	0.535655
0.8	4.8	0.567268
0.8	5.2	0.598224
0.8	5.6	0.628381
0.8	6	0.657603
0.8	6.4	0.685761
0.8	6.8	0.712735
0.8	7.2	0.738412
0.8	7.6	0.762687
0.8	8	0.785461
0.8	8.4	0.806642
0.8	8.8	0.826144
0.8	9.2	0.84389
0.8	9.6	0.859807
0.8	10	0.87383
0.8	10.4	0.885898
0.8	10.8	0.89596
0.8	11.2	0.903966
0.8	11.6	0.909877
0.8	12	0.913657
0.8	12.4	0.915276
0.8	12.8	0.91471
0.8	13.2	0.911941
0.8	13.6	0.906954
0.8	14	0.899743
0.8	14.4	0.890303
0.8	14.8	0.878636
0.8	15.2	0.864748
0.8	15.6	0.84865
0.8	16	0.830357
0.8	16.4	0.809886
0.8	16.8	0.787261
0.8	17.2	0.762505
0.8	17.6	0.735647
0.8	18	0.706718
0.8	18.4	0.675749
0.8	18.8	0.642777
0.8	19.2	0.607836
0.8	19.6	0.570962
0.8	20	0.532192
0.8	20.4	0.491561
0.8	20.8	0.449106
0.8	21.2	0.404857
0.8	21.6	0.358847
0.8	22	0.311102
0.8	22.4	0.261645
0.8	22.8	0.210494
0.8	23.2	0.157661
0.8	23.6	0.10315
0.8	24	0.046957
0.8	24.4	-0.0109321
0.8	24.8	-0.0705422
0.8	25.2	-0.131911
0.8	25.6	-0.19509
1.2	0	0.290285
1.2	0.4	0.306016
1.2	0.8	0.324177
1.2	1.2	0.344426
1.2	1.6	0.366445
1.2	2	0.389937
1.2	2.4	0.414622
1.2	2.8	0.44024
1.2	3.2	0.466545
1.2	3.6	0.49331
1.2	4	0.520318
1.2	4.4	0.547367
1.2	4.8	0.574268
1.2	5.2	0.600843
1.2	5.6	0.626924
1.2	6	0.652355
1.2	6.4	0.67699
1.2	6.8	0.700691
1.2	7.2	0.723329
1.2	7.6	0.744784
1.2	8	0.764946
1.2	8.4	0.78371
1.2	8.8	0.80098
1.2	9.2	0.816669
1.2	9.6	0.830693
1.2	10	0.84298
1.2	10.4	0.85346
1.2	10.8	0.862074
1.2	11.2	0.868765
1.2	11.6	0.873485
1.2	12	0.876192
1.2	12.4	0.876848
1.2	12.8	0.875421
1.2	13.2	0.871885
1.2	13.6	0.866218
1.2	14	0.858406
1.2	14.4	0.848434
1.2	14.8	0.836297
1.2	15.2	0.82199
1.2	15.6	0.805514
1.2	16	0.786873
1.2	16.4	0.766073
1.2	16.8	0.743124
1.2	17.2	0.718037
1.2	17.6	0.690825
1.2	18	0.661505
1.2	18.4	0.63009
1.2	18.8	0.596598
1.2	19.2	0.561042
1.2	19.6	0.523439
1.2	20	0.483799
1.2	20.4	0.442134
1.2	20.8	0.398449
1.2	21.2	0.352748
1.2	21.6	0.305026
1.2	22	0.255274
1.2	22.4	0.203475
1.2	22.8	0.149604
1.2	23.2	0.0936234
1.2	23.6	0.0354857
1.2	24	-0.0248706
1.2	24.4	-0.0875221
1.2	24.8	-0.152563
1.2	25.2	-0.220105
1.2	25.6	-0.290285
1.6	0	0.382683
1.6	0.4	0.387925
1.6	0.8	0.396406
1.6	1.2	0.407716
1.6	1.6	0.42147
1.6	2	0.437314
1.6	2.4	0.454916
1.6	2.8	0.473969
1.6	3.2	0.494185
1.6	3.6	0.515297
1.6	4	0.537055
1.6	4.4	0.559226
1.6	4.8	0.581593
1.6	5.2	0.603952
1.6	5.6	0.626115
1.6	6	0.647903
1.6	6.4	0.669152
1.6	6.8	0.689707
1.6	7.2	0.709426
1.6	7.6	0.728174
1.6	8	0.745827
1.6	8.4	0.76227
1.6	8.8	0.777397
1.6	9.2	0.791109
1.6	9.6	0.803316
1.6	10	0.813934
1.6	10.4	0.822888
1.6	10.8	0.830109
1.6	11.2	0.835534
1.6	11.6	0.839106
1.6	12	0.840777
1.6	12.4	0.840501
1.6	12.8	0.838239
1.6	13.2	0.833958
1.6	13.6	0.827629
1.6	14	0.819227
1.6	14.4	0.808732
1.6	14.8	0.796128
1.6	15.2	0.781401
1.6	15.6	0.764544
1.6	16	0.745548
1.6	16.4	0.724409
1.6	16.8	0.701125
1.6	17.2	0.675693
1.6	17.6	0.648114
1.6	18	0.618387
1.6	18.4	0.58651
1.6	18.8	0.552482
1.6	19.2	0.516298
1.6	19.6	0.477952
1.6	20	0.437434
1.6	20.4	0.394727
1.6	20.8	0.349811
1.6	21.2	0.302659
1.6	21.6	0.253235
1.6	22	0.201494
1.6	22.4	0.147379
1.6	22.8	0.0908234
1.6	23.2	0.0317434
1.6	23.6	-0.0299596
1.6	24	-0.0944024
1.6	24.4	-0.161723
1.6	24.8	-0.232081
1.6	25.2	-0.305663
1.6	25.6	-0.382683
2	0	0.471397
2	0.4	0.466593
2	0.8	0.465807
2	1.2	0.46856
2	1.6	0.474405
2	2	0.482932
2	2.4	0.493759
2	2.8	0.506533
2	3.2	0.520927
2	3.6	0.536636
2	4	0.553377
2	4.4	0.570887
2	4.8	0.588923
2	5.2	0.607257
2	5.6	0.625677
2	6	0.643988
2	6.4	0.662005
2	6.8	0.679559
2	7.2	0.696491
2	7.6	0.712656
2	8	0.727916
2	8.4	0.742145
2	8.8	0.755227
2	9.2	0.767053
2	9.6	0.777525
2	10	0.786552
2	10.4	0.794048
2	10.8	0.799938
2	11.2	0.804153
2	11.6	0.806628
2	12	0.807307
2	12.4	0.806139
2	12.8	0.803077
2	13.2	0.79808
2	13.6	0.791112
2	14	0.782141
2	14.4	0.771138
2	14.8	0.75808
2	15.2	0.742944
2	15.6	0.725712
2	16	0.706366
2	16.4	0.684892
2	16.8	0.661274
2	17.2	0.635499
2	17.6	0.607552
2	18	0.577419
2	18.4	0.545082
2	18.8	0.510523
2	19.2	0.473718
2	19.6	0.43464
2	20	0.393257
2	20.4	0.34953
2	20.8	0.303411
2	21.2	0.254844
2	21.6	0.203763
2	22	0.150088
2	22.4	0.0937259
2	22.8	0.034568
2	23.2	-0.0275128
2	23.6	-0.0926642
2	24	-0.161056
2	24.4	-0.232885
2	24.8	-0.308374
2	25.2	-0.387781
2	25.6	-0.471397
2.4	0	0.55557
2.4	0.4	0.541242
2.4	0.8	0.53167
2.4	1.2	0.52631
2.4	1.6	0.524657
2.4	2	0.526248
2.4	2.4	0.530653
2.4	2.8	0.537477
2.4	3.2	0.546352
2.4	3.6	0.55694
2.4	4	0.568926
2.4	4.4	0.582021
2.4	4.8	0.595953
2.4	5.2	0.610472
2.4	5.6	0.625348
2.4	6	0.640363
2.4	6.4	0.655319
2.4	6.8	0.670029
2.4	7.2	0.684323
2.4	7.6	0.69804
2.4	8	0.711033
2.4	8.4	0.723165
2.4	8.8	0.734309
2.4	9.2	0.74435
2.4	9.6	0.753179
2.4	10	0.760697
2.4	10.4	0.766813
2.4	10.8	0.771443
2.4	11.2	0.77451
2.4	11.6	0.775945
2.4	12	0.775685
2.4	12.4	0.77367
2.4	12.8	0.769848
2.4	13.2	0.764171
2.4	13.6	0.756597
2.4	14	0.747085
2.4	14.4	0.735601
2.4	14.8	0.72211
2.4	15.2	0.706584
2.4	15.6	0.688994
2.4	16	0.669314
2.4	16.4	0.647518
2.4	16.8	0.623581
2.4	17.2	0.597476
2.4	17.6	0.569178
2.4	18	0.538656
2.4	18.4	0.505879
2.4	18.8	0.470811
2.4	19.2	0.433412
2.4	19.6	0.393635
2.4	20	0.351427
2.4	20.4	0.306726
2.4	20.8	0.25946
2.4	21.2	0.209545
2.4	21.6	0.156886
2.4	22	0.10137
2.4	22.4	0.0428697
2.4	22.8	-0.0187631
2.4	23.2	-0.0836975
2.4	23.6	-0.152127
2.4	24	-0.224273
2.4	24.4	-0.300386
2.4	24.8	-0.380751
2.4	25.2	-0.465691
2.4	25.6	-0.55557
2.8	0	0.634393
2.8	0.4	0.611133
2.8	0.8	0.593321
2.8	1.2	0.580351
2.8	1.6	0.571665
2.8	2	0.566748
2.8	2.4	0.565127
2.8	2.8	0.566366
2.8	3.2	0.570061
2.8	3.6	0.575843
2.8	4	0.583366
2.8	4.4	0.592313
2.8	4.8	0.602392
2.8	5.2	0.613329
2.8	5.6	0.624875
2.8	6	0.636795
2.8	6.4	0.648875
2.8	6.8	0.660914
2.8	7.2	0.672728
2.8	7.6	0.684145
2.8	8	0.695008
2.8	8.4	0.705169
2.8	8.8	0.714494
2.8	9.2	0.722856
2.8	9.6	0.730141
2.8	10	0.736242
2.8	10.4	0.741061
2.8	10.8	0.744507
2.8	11.2	0.746498
2.8	11.6	0.746957
2.8	12	0.745815
2.8	12.4	0.743006
2.8	12.8	0.738473
2.8	13.2	0.732161
2.8	13.6	0.724019
2.8	14	0.714003
2.8	14.4	0.702068
2.8	14.8	0.688176
2.8	15.2	0.672288
2.8	15.6	0.654367
2.8	16	0.634379
2.8	16.4	0.612287
2.8	16.8	0.588056
2.8	17.2	0.561649
2.8	17.6	0.533028
2.8	18	0.502149
2.8	18.4	0.468967
2.8	18.8	0.433432
2.8	19.2	0.395485
2.8	19.6	0.355063
2.8	20	0.312093
2.8	20.4	0.26649
2.8	20.8	0.21816
2.8	21.2	0.166993
2.8	21.6	0.112867
2.8	22	0.0556389
2.8	22.4	-0.00485256
2.8	22.8	-0.0687912
2.8	23.2	-0.136386
2.8	23.6	-0.207873
2.8	24	-0.283521
2.8	24.4	-0.363634
2.8	24.8	-0.448552
2.8	25.2	-0.538661
2.8	25.6	-0.634393
3.2	0	0.707107
3.2	0.4	0.675575
3.2	0.8	0.650129
3.2	1.2	0.630108
3.2	1.6	0.614901
3.2	2	0.603949
3.2	2.4	0.596739
3.2	2.8	0.592795
3.2	3.2	0.591683
3.2	3.6	0.593001
3.2	4	0.596378
3.2	4.4	0.601472
3.2	4.8	0.607968
3.2	5.2	0.615575
3.2	5.6	0.624024
3.2	6	0.633064
3.2	6.4	0.642468
3.2	6.8	0.65202
3.2	7.2	0.661526
3.2	7.6	0.670802
3.2	8	0.679682
3.2	8.4	0.688008
3.2	8.8	0.695637
3.2	9.2	0.702437
3.2	9.6	0.708285
3.2	10	0.713067
3.2	10.4	0.716679
3.2	10.8	0.719025
3.2	11.2	0.720016
3.2	11.6	0.719569
3.2	12	0.717609
3.2	12.4	0.714066
3.2	12.8	0.708876
3.2	13.2	0.701978
3.2	13.6	0.693316
3.2	14	0.682838
3.2	14.4	0.670494
3.2	14.8	0.656238
3.2	15.2	0.640024
3.2	15.6	0.621808
3.2	16	0.601547
3.2	16.4	0.579195
3.2	16.8	0.554708
3.2	17.2	0.528039
3.2	17.6	0.499136
3.2	18	0.467947
3.2	18.4	0.434412
3.2	18.8	0.398466
3.2	19.2	0.360036
3.2	19.6	0.319042
3.2	20	0.275392
3.2	20.4	0.228982
3.2	20.8	0.179697
3.2	21.2	0.127404
3.2	21.6	0.0719521
3.2	22	0.0131729
3.2	22.4	-0.0491259
3.2	22.8	-0.115162
3.2	23.2	-0.18518
3.2	23.6	-0.259457
3.2	24	-0.338305
3.2	24.4	-0.422075
3.2	24.8	-0.511162
3.2	25.2	-0.606007
3.2	25.6	-0.707107
3.6	0	0.77301
3.6	0.4	0.733929
3.6	0.8	0.701513
3.6	1.2	0.675048
3.6	1.6	0.65388
3.6	2	0.637408
3.6	2.4	0.62508
3.6	2.8	0.61639
3.6	3.2	0.610872
3.6	3.6	0.608096
3.6	4	0.607669
3.6	4.4	0.609225
3.6	4.8	0.612431
3.6	5.2	0.616976
3.6	5.6	0.622576
3.6	6	0.628968
3.6	6.4	0.635907
3.6	6.8	0.64317
3.6	7.2	0.65055
3.6	7.6	0.657853
3.6	8	0.664905
3.6	8.4	0.67154
3.6	8.8	0.677607
3.6	9.2	0.682967
3.6	9.6	0.687491
3.6	10	0.69106
3.6	10.4	0.693562
3.6	10.8	0.694896
3.6	11.2	0.694969
3.6	11.6	0.693692
3.6	12	0.690985
3.6	12.4	0.686773
3.6	12.8	0.680986
3.6	13.2	0.673558
3.6	13.6	0.664428
3.6	14	0.653538
3.6	14.4	0.640832
3.6	14.8	0.626258
3.6	15.2	0.609763
3.6	15.6	0.591296
3.6	16	0.570806
3.6	16.4	0.54824
3.6	16.8	0.523544
3.6	17.2	0.496662
3.6	17.6	0.467533
3.6	18	0.436093
3.6	18.4	0.402269
3.6	18.8	0.365985
3.6	19.2	0.327154
3.6	19.6	0.285679
3.6	20	0.241453
3.6	20.4	0.194354
3.6	20.8	0.144245
3.6	21.2	0.090974
3.6	21.6	0.0343669
3.6	22	-0.0257713
3.6	22.4	-0.0896605
3.6	22.8	-0.157548
3.6	23.2	-0.229713
3.6	23.6	-0.306469
3.6	24	-0.388166
3.6	24.4	-0.4752
3.6	24.8	-0.568012
3.6	25.2	-0.667098
3.6	25.6	-0.77301
4	0	0.83147
4	0.4	0.785618
4	0.8	0.746944
4	1.2	0.71469
4	1.6	0.688161
4	2	0.66672
4	2.4	0.649782
4	2.8	0.636811
4	3.2	0.627315
4	3.6	0.62084
4	4	0.616972
4	4.4	0.615325
4	4.8	0.615549
4	5.2	0.617318
4	5.6	0.620334
4	6	0.624319
4	6.4	0.629019
4	6.8	0.6342
4	7.2	0.639645
4	7.6	0.645153
4	8	0.65054
4	8.4	0.655635
4	8.8	0.660281
4	9.2	0.664331
4	9.6	0.66765
4	10	0.670115
4	10.4	0.67161
4	10.8	0.672027
4	11.2	0.671269
4	11.6	0.669244
4	12	0.665865
4	12.4	0.661053
4	12.8	0.654735
4	13.2	0.646839
4	13.6	0.637299
4	14	0.626053
4	14.4	0.613039
4	14.8	0.598199
4	15.2	0.581474
4	15.6	0.562808
4	16	0.542141
4	16.4	0.519415
4	16.8	0.494568
4	17.2	0.467534
4	17.6	0.438244
4	18	0.406623
4	18.4	0.37259
4	18.8	0.336054
4	19.2	0.296918
4	19.6	0.25507
4	20	0.210389
4	20.4	0.162736
4	20.8	0.111959
4	21.2	0.0578828
4	21.6	0.000315172
4	22	-0.0609623
4	22.4	-0.126194
4	22.8	-0.195656
4	23.2	-0.269655
4	23.6	-0.348537
4	24	-0.432689
4	24.4	-0.522545
4	24.8	-0.618589
4	25.2	-0.721363
4	25.6	-0.83147
4.4	0	0.881921
4.4	0.4	0.830127
4.4	0.8	0.785954
4.4	1.2	0.748606
4.4	1.6	0.717352
4.4	2	0.691526
4.4	2.4	0.670514
4.4	2.8	0.653754
4.4	3.2	0.640732
4.4	3.6	0.630975
4.4	4	0.624048
4.4	4.4	0.619552
4.4	4.8	0.617118
4.4	5.2	0.61641
4.4	5.6	0.617117
4.4	6	0.61895
4.4	6.4	0.621646
4.4	6.8	0.624962
4.4	7.2	0.628672
4.4	7.6	0.63257
4.4	8	0.636464
4.4	8.4	0.640177
4.4	8.8	0.643546
4.4	9.2	0.646421
4.4	9.6	0.648661
4.4	10	0.650138
4.4	10.4	0.650731
4.4	10.8	0.650331
4.4	11.2	0.648835
4.4	11.6	0.646146
4.4	12	0.642175
4.4	12.4	0.636839
4.4	12.8	0.63006
4.4	13.2	0.621762
4.4	13.6	0.611876
4.4	14	0.600335
4.4	14.4	0.587072
4.4	14.8	0.572024
4.4	15.2	0.555127
4.4	15.6	0.53632
4.4	16	0.515537
4.4	16.4	0.492713
4.4	16.8	0.46778
4.4	17.2	0.440663
4.4	17.6	0.411287
4.4	18	0.379568
4.4	18.4	0.345414
4.4	18.8	0.308727
4.4	19.2	0.269395
4.4	19.6	0.227298
4.4	20	0.182299
4.4	20.4	0.134247
4.4	20.8	0.0829725
4.4	21.2	0.0282862
4.4	21.6	-0.0300242
4.4	22	-0.0921964
4.4	22.4	-0.158497
4.4	22.8	-0.229224
4.4	23.2	-0.304711
4.4	23.6	-0.385333
4.4	24	-0.471508
4.4	24.4	-0.563702
4.4	24.8	-0.662436
4.4	25.2	-0.768293
4.4	25.6	-0.881921
4.8	0	0.92388
4.8	0.4	0.867014
4.8	0.8	0.818138
4.8	1.2	0.776425
4.8	1.6	0.741115
4.8	2	0.711515
4.8	2.4	0.686989
4.8	2.8	0.666956
4.8	3.2	0.650882
4.8	3.6	0.638276
4.8	4	0.62869
4.8	4.4	0.62171
4.8	4.8	0.616958
4.8	5.2	0.614084
4.8	5.6	0.612768
4.8	6	0.612713
4.8	6.4	0.613649
4.8	6.8	0.615324
4.8	7.2	0.617508
4.8	7.6	0.619987
4.8	8	0.622564
4.8	8.4	0.625059
4.8	8.8	0.627303
4.8	9.2	0.629142
4.8	9.6	0.630431
4.8	10	0.63104
4.8	10.4	0.630844
4.8	10.8	0.629729
4.8	11.2	0.62759
4.8	11.6	0.624328
4.8	12	0.619849
4.8	12.4	0.614067
4.8	12.8	0.606901
4.8	13.2	0.598273
4.8	13.6	0.588109
4.8	14	0.576337
4.8	14.4	0.562889
4.8	14.8	0.547697
4.8	15.2	0.530692
4.8	15.6	0.511808
4.8	16	0.490975
4.8	16.4	0.468123
4.8	16.8	0.443175
4.8	17.2	0.416054
4.8	17.6	0.386676
4.8	18	0.354949
4.8	18.4	0.320775
4.8	18.8	0.284046
4.8	19.2	0.244641
4.8	19.6	0.20243
4.8	20	0.157265
4.8	20.4	0.108983
4.8	20.8	0.057401
4.8	21.2	0.00231626
4.8	21.6	-0.0564992
4.8	22	-0.1193
4.8	22.4	-0.18637
4.8	22.8	-0.258029
4.8	23.2	-0.334632
4.8	23.6	-0.416576
4.8	24	-0.504306
4.8	24.4	-0.598316
4.8	24.8	-0.69916
4.8	25.2	-0.807453
4.8	25.6	-0.92388
5.2	0	0.95694
5.2	0.4	0.895909
5.2	0.8	0.84316
5.2	1.2	0.797838
5.2	1.6	0.759165
5.2	2	0.726427
5.2	2.4	0.69897
5.2	2.8	0.676196
5.2	3.2	0.657558
5.2	3.6	0.642553
5.2	4	0.63072
5.2	4.4	0.621637
5.2	4.8	0.614914
5.2	5.2	0.610195
5.2	5.6	0.607152
5.2	6	0.605482
5.2	6.4	0.604908
5.2	6.8	0.605174
5.2	7.2	0.606044
5.2	7.6	0.6073
5.2	8	0.608743
5.2	8.4	0.610187
5.2	8.8	0.611461
5.2	9.2	0.612407
5.2	9.6	0.61288
5.2	10	0.612743
5.2	10.4	0.611872
5.2	10.8	0.610149
5.2	11.2	0.607467
5.2	11.6	0.603723
5.2	12	0.598823
5.2	12.4	0.592678
5.2	12.8	0.585203
5.2	13.2	0.576319
5.2	13.6	0.565948
5.2	14	0.554016
5.2	14.4	0.540451
5.2	14.8	0.525182
5.2	15.2	0.508137
5.2	15.6	0.489246
5.2	16	0.468434
5.2	16.4	0.445627
5.2	16.8	0.420745
5.2	17.2	0.393704
5.2	17.6	0.364415
5.2	18	0.33278
5.2	18.4	0.298694
5.2	18.8	0.262042
5.2	19.2	0.222697
5.2	19.6	0.180519
5.2	20	0.135351
5.2	20.4	0.0870208
5.2	20.8	0.0353355
5.2	21.2	-0.0199201
5.2	21.6	-0.0789862
5.2	22	-0.142131
5.2	22.4	-0.209653
5.2	22.8	-0.281888
5.2	23.2	-0.359209
5.2	23.6	-0.442032
5.2	24	-0.530822
5.2	24.4	-0.626097
5.2	24.8	-0.728435
5.2	25.2	-0.838477
5.2	25.6	-0.95694
5.6	0	0.980785
5.6	0.4	0.916522
5.6	0.8	0.860751
5.6	1.2	0.812602
5.6	1.6	0.771278
5.6	2	0.736054
5.6	2.4	0.706263
5.6	2.8	0.681297
5.6	3.2	0.660597
5.6	3.6	0.643654
5.6	4	0.629997
5.6	4.4	0.619198
5.6	4.8	0.610862
5.6	5.2	0.604626
5.6	5.6	0.600157
5.6	6	0.59715
5.6	6.4	0.595322
5.6	6.8	0.594414
5.6	7.2	0.594188
5.6	7.6	0.594423
5.6	8	0.594916
5.6	8.4	0.59548
5.6	8.8	0.595942
5.6	9.2	0.596143
5.6	9.6	0.595934
5.6	10	0.595178
5.6	10.4	0.593748
5.6	10.8	0.591526
5.6	11.2	0.588401
5.6	11.6	0.584272
5.6	12	0.579041
5.6	12.4	0.572617
5.6	12.8	0.564914
5.6	13.2	0.55585
5.6	13.6	0.545346
5.6	14	0.533326
5.6	14.4	0.519716
5.6	14.8	0.504442
5.6	15.2	0.487429
5.6	15.6	0.468604
5.6	16	0.44789
5.6	16.4	0.425208
5.6	16.8	0.400476
5.6	17.2	0.373605
5.6	17.6	0.344501
5.6	18	0.313064
5.6	18.4	0.279182
5.6	18.8	0.242734
5.6	19.2	0.203589
5.6	19.6	0.161599
5.6	20	0.116602
5.6	20.4	0.068417
5.6	20.8	0.0168432
5.6	21.2	-0.0383433
5.6	21.6	-0.0973919
5.6	22	-0.160581
5.6	22.4	-0.228222
5.6	22.8	-0.30066
5.6	23.2	-0.378282
5.6	23.6	-0.461519
5.6	24	-0.550852
5.6	24.4	-0.646815
5.6	24.8	-0.750003
5.6	25.2	-0.861081
5.6	25.6	-0.980785
6	0	0.995185
6	0.4	0.928642
6	0.8	0.87072
6	1.2	0.820537
6	1.6	0.77729
6	2	0.740245
6	2.4	0.708729
6	2.8	0.682127
6	3.2	0.659877
6	3.6	0.641463
6	4	0.626412
6	4.4	0.614292
6	4.8	0.604704
6	5.2	0.597285
6	5.6	0.591697
6	6	0.587634
6	6.4	0.584811
6	6.8	0.582969
6	7.2	0.581866
6	7.6	0.581282
6	8	0.581013
6	8.4	0.580871
6	8.8	0.580682
6	9.2	0.580284
6	9.6	0.57953
6	10	0.578283
6	10.4	0.576413
6	10.8	0.573802
6	11.2	0.570339
6	11.6	0.56592
6	12	0.560449
6	12.4	0.553832
6	12.8	0.545983
6	13.2	0.536819
6	13.6	0.52626
6	14	0.514227
6	14.4	0.500646
6	14.8	0.48544
6	15.2	0.468534
6	15.6	0.449851
6	16	0.429314
6	16.4	0.406841
6	16.8	0.382347
6	17.2	0.35574
6	17.6	0.326924
6	18	0.295794
6	18.4	0.262237
6	18.8	0.226127
6	19.2	0.187329
6	19.6	0.14569
6	20	0.101044
6	20.4	0.053205
6	20.8	0.00196642
6	21.2	-0.0529014
6	21.6	-0.111654
6	22	-0.174578
6	22.4	-0.24199
6	22.8	-0.314245
6	23.2	-0.391738
6	23.6	-0.474909
6	24	-0.56425
6	24.4	-0.660305
6	24.8	-0.763683
6	25.2	-0.875059
6	25.6	-0.995185
6.4	0	1
6.4	0.4	0.932141
6.4	0.8	0.872947
6.4	1.2	0.821534
6.4	1.6	0.777099
6.4	2	0.738904
6.4	2.4	0.706277
6.4	2.8	0.678602
6.4	3.2	0.655316
6.4	3.6	0.635904
6.4	4	0.619893
6.4	4.4	0.606849
6.4	4.8	0.596374
6.4	5.2	0.588106
6.4	5.6	0.581707
6.4	6	0.576871
6.4	6.4	0.573315
6.4	6.8	0.570778
6.4	7.2	0.569021
6.4	7.6	0.567822
6.4	8	0.566979
6.4	8.4	0.566305
6.4	8.8	0.565624
6.4	9.2	0.564778
6.4	9.6	0.563618
6.4	10	0.562006
6.4	10.4	0.559815
6.4	10.8	0.556926
6.4	11.2	0.553229
6.4	11.6	0.548619
6.4	12	0.542999
6.4	12.4	0.536277
6.4	12.8	0.528366
6.4	13.2	0.519182
6.4	13.6	0.508645
6.4	14	0.496676
6.4	14.4	0.483199
6.4	14.8	0.468137
6.4	15.2	0.451415
6.4	15.6	0.432954
6.4	16	0.412676
6.4	16.4	0.390497
6.4	16.8	0.366331
6.4	17.2	0.340085
6.4	17.6	0.311662
6.4	18	0.280954
6.4	18.4	0.247846
6.4	18.8	0.212212
6.4	19.2	0.173911
6.4	19.6	0.132791
6.4	20	0.0886821
6.4	20.4	0.0413954
6.4	20.8	-0.00927817
6.4	21.2	-0.0635714
6.4	21.6	-0.121744
6.4	22	-0.184083
6.4	22.4	-0.250912
6.4	22.8	-0.322589
6.4	23.2	-0.399513
6.4	23.6	-0.482129
6.4	24	-0.570932
6.4	24.4	-0.666472
6.4	24.8	-0.769364
6.4	25.2	-0.880287
6.4	25.6	-1
6.8	0	0.995185
6.8	0.4	0.926975
6.8	0.8	0.86739
6.8	1.2	0.815553
6.8	1.6	0.770664
6.8	2	0.731992
6.8	2.4	0.698869
6.8	2.8	0.670684
6.8	3.2	0.646879
6.8	3.6	0.62694
6.8	4	0.610401
6.8	4.4	0.59683
6.8	4.8	0.585834
6.8	5.2	0.577051
6.8	5.6	0.570149
6.8	6	0.564824
6.8	6.4	0.560794
6.8	6.8	0.557802
6.8	7.2	0.555611
6.8	7.6	0.554002
6.8	8	0.552773
6.8	8.4	0.551739
6.8	8.8	0.550728
6.8	9.2	0.549581
6.8	9.6	0.548152
6.8	10	0.546304
6.8	10.4	0.543912
6.8	10.8	0.540856
6.8	11.2	0.537028
6.8	11.6	0.532325
6.8	12	0.526649
6.8	12.4	0.51991
6.8	12.8	0.512021
6.8	13.2	0.502898
6.8	13.6	0.492461
6.8	14	0.480633
6.8	14.4	0.467336
6.8	14.8	0.452496
6.8	15.2	0.436034
6.8	15.6	0.417875
6.8	16	0.397938
6.8	16.4	0.376141
6.8	16.8	0.352396
6.8	17.2	0.326611
6.8	17.6	0.298687
6.8	18	0.268517
6.8	18.4	0.235985
6.8	18.8	0.200965
6.8	19.2	0.163316
6.8	19.6	0.122884
6.8	20	0.0795005
6.8	20.4	0.0329755
6.8	20.8	-0.0169002
6.8	21.2	-0.0703597
6.8	21.6	-0.127662
6.8	22	-0.189097
6.8	22.4	-0.254985
6.8	22.8	-0.325685
6.8	23.2	-0.401595
6.8	23.6	-0.48316
6.8	24	-0.570875
6.8	24.4	-0.665288
6.8	24.8	-0.767011
6.8	25.2	-0.876725
6.8	25.6	-0.995185
7.2	0	0.980785
7.2	0.4	0.913185
7.2	0.8	0.854084
7.2	1.2	0.802622
7.2	1.6	0.758009
7.2	2	0.719527
7.2	2.4	0.686519
7.2	2.8	0.658383
7.2	3.2	0.634569
7.2	3.6	0.614574
7.2	4	0.597936
7.2	4.4	0.584232
7.2	4.8	0.573076
7.2	5.2	0.564111
7.2	5.6	0.55701
7.2	6	0.551476
7.2	6.4	0.54723
7.2	6.8	0.544021
7.2	7.2	0.541614
7.2	7.6	0.539796
7.2	8	0.538367
7.2	8.4	0.537146
7.2	8.8	0.535963
7.2	9.2	0.534663
7.2	9.6	0.533101
7.2	10	0.531144
7.2	10.4	0.528667
7.2	10.8	0.525555
7.2	11.2	0.5217
7.2	11.6	0.517
7.2	12	0.51136
7.2	12.4	0.504691
7.2	12.8	0.496907
7.2	13.2	0.487925
7.2	13.6	0.477667
7.2	14	0.466056
7.2	14.4	0.453017
7.2	14.8	0.438474
7.2	15.2	0.422352
7.2	15.6	0.404574
7.2	16	0.385062
7.2	16.4	0.363733
7.2	16.8	0.340502
7.2	17.2	0.315276
7.2	17.6	0.287959
7.2	18	0.258443
7.2	18.4	0.226615
7.2	18.8	0.192348
7.2	19.2	0.155505
7.2	19.6	0.115933
7.2	20	0.0734629
7.2	20.4	0.0279093
7.2	20.8	-0.0209356
7.2	21.2	-0.0733021
7.2	21.6	-0.129447
7.2	22	-0.189654
7.2	22.4	-0.254244
7.2	22.8	-0.323568
7.2	23.2	-0.398021
7.2	23.6	-0.478041
7.2	24	-0.564117
7.2	24.4	-0.656792
7.2	24.8	-0.756668
7.2	25.2	-0.864418
7.2	25.6	-0.980785
7.6	0	0.95694
7.6	0.4	0.890893
7.6	0.8	0.833139
7.6	1.2	0.782838
7.6	1.6	0.739221
7.6	2	0.701587
7.6	2.4	0.669294
7.6	2.8	0.641757
7.6	3.2	0.618437
7.6	3.6	0.598845
7.6	4	0.582531
7.6	4.4	0.569082
7.6	4.8	0.558121
7.6	5.2	0.5493
7.6	5.6	0.542301
7.6	6	0.536833
7.6	6.4	0.532625
7.6	6.8	0.529432
7.6	7.2	0.527025
7.6	7.6	0.525195
7.6	8	0.523749
7.6	8.4	0.522509
7.6	8.8	0.521311
7.6	9.2	0.520002
7.6	9.6	0.518442
7.6	10	0.5165
7.6	10.4	0.514055
7.6	10.8	0.510995
7.6	11.2	0.507213
7.6	11.6	0.502612
7.6	12	0.497099
7.6	12.4	0.490585
7.6	12.8	0.482988
7.6	13.2	0.474227
7.6	13.6	0.464225
7.6	14	0.452908
7.6	14.4	0.440201
7.6	14.8	0.426031
7.6	15.2	0.410325
7.6	15.6	0.393008
7.6	16	0.374003
7.6	16.4	0.353229
7.6	16.8	0.330603
7.6	17.2	0.306036
7.6	17.6	0.279431
7.6	18	0.250685
7.6	18.4	0.219686
7.6	18.8	0.186311
7.6	19.2	0.150426
7.6	19.6	0.111881
7.6	20	0.0705119
7.6	20.4	0.0261369
7.6	20.8	-0.0214467
7.6	21.2	-0.0724639
7.6	21.6	-0.127165
7.6	22	-0.185829
7.6	22.4	-0.248765
7.6	22.8	-0.316319
7.6	23.2	-0.388877
7.6	23.6	-0.466865
7.6	24	-0.550761
7.6	24.4	-0.641093
7.6	24.8	-0.738452
7.6	25.2	-0.843492
7.6	25.6	-0.95694
8	0	0.92388
8	0.4	0.860307
8	0.8	0.804741
8	1.2	0.756368
8	1.6	0.714448
8	2	0.678302
8	2.4	0.647311
8	2.8	0.620908
8	3.2	0.598574
8	3.6	0.579835
8	4	0.564257
8	4.4	0.55144
8	4.8	0.54102
8	5.2	0.532662
8	5.6	0.526057
8	6	0.520924
8	6.4	0.517001
8	6.8	0.514051
8	7.2	0.511853
8	7.6	0.510205
8	8	0.508921
8	8.4	0.507827
8	8.8	0.506765
8	9.2	0.505588
8	9.6	0.50416
8	10	0.502354
8	10.4	0.500055
8	10.8	0.497152
8	11.2	0.493543
8	11.6	0.489134
8	12	0.483835
8	12.4	0.477561
8	12.8	0.47023
8	13.2	0.461767
8	13.6	0.452097
8	14	0.441147
8	14.4	0.428847
8	14.8	0.415125
8	15.2	0.39991
8	15.6	0.383131
8	16	0.364713
8	16.4	0.344579
8	16.8	0.322648
8	17.2	0.298834
8	17.6	0.273045
8	18	0.245181
8	18.4	0.215135
8	18.8	0.182787
8	19.2	0.148008
8	19.6	0.110655
8	20	0.0705697
8	20.4	0.0275757
8	20.8	-0.0185217
8	21.2	-0.0679392
8	21.6	-0.120918
8	22	-0.177727
8	22.4	-0.238666
8	22.8	-0.304067
8	23.2	-0.3743
8	23.6	-0.44978
8	24	-0.530966
8	24.4	-0.618368
8	24.8	-0.712554
8	25.2	-0.814158
8	25.6	-0.92388
8.4	0	0.881921
8.4	0.4	0.821713
8.4	0.8	0.769146
8.4	1.2	0.723445
8.4	1.6	0.683899
8.4	2	0.649861
8.4	2.4	0.620737
8.4	2.8	0.595986
8.4	3.2	0.575112
8.4	3.6	0.557661
8.4	4	0.543216
8.4	4.4	0.531397
8.4	4.8	0.521854
8.4	5.2	0.514266
8.4	5.6	0.508337
8.4	6	0.503798
8.4	6.4	0.5004
8.4	6.8	0.497913
8.4	7.2	0.496127
8.4	7.6	0.494848
8.4	8	0.493896
8.4	8.4	0.493108
8.4	8.8	0.49233
8.4	9.2	0.491421
8.4	9.6	0.490251
8.4	10	0.4887
8.4	10.4	0.486655
8.4	10.8	0.484011
8.4	11.2	0.480671
8.4	11.6	0.476544
8.4	12	0.471544
8.4	12.4	0.46559
8.4	12.8	0.458604
8.4	13.2	0.450514
8.4	13.6	0.441248
8.4	14	0.430737
8.4	14.4	0.418913
8.4	14.8	0.40571
8.4	15.2	0.391059
8.4	15.6	0.374892
8.4	16	0.357138
8.4	16.4	0.337725
8.4	16.8	0.316576
8.4	17.2	0.293608
8.4	17.6	0.268735
8.4	18	0.241862
8.4	18.4	0.212886
8.4	18.8	0.181696
8.4	19.2	0.148167
8.4	19.6	0.112165
8.4	20	0.0735381
8.4	20.4	0.0321202
8.4	20.8	-0.012274
8.4	21.2	-0.0598508
8.4	21.6	-0.110839
8.4	22	-0.165495
8.4	22.4	-0.224103
8.4	22.8	-0.286979
8.4	23.2	-0.354477
8.4	23.6	-0.426989
8.4	24	-0.504953
8.4	24.4	-0.588856
8.4	24.8	-0.67924
8.4	25.2	-0.776705
8.4	25.6	-0.881921
8.8	0	0.83147
8.8	0.4	0.775476
8.8	0.8	0.726686
8.8	1.2	0.684364
8.8	1.6	0.64784
8.8	2	0.616501
8.8	2.4	0.589787
8.8	2.8	0.567184
8.8	3.2	0.548223
8.8	3.6	0.532475
8.8	4	0.519546
8.8	4.4	0.509074
8.8	4.8	0.500728
8.8	5.2	0.494204
8.8	5.6	0.489223
8.8	6	0.485528
8.8	6.4	0.482882
8.8	6.8	0.48107
8.8	7.2	0.47989
8.8	7.6	0.479158
8.8	8	0.478705
8.8	8.4	0.478374
8.8	8.8	0.478021
8.8	9.2	0.477511
8.8	9.6	0.476721
8.8	10	0.475536
8.8	10.4	0.473849
8.8	10.8	0.471562
8.8	11.2	0.468583
8.8	11.6	0.464824
8.8	12	0.460204
8.8	12.4	0.454647
8.8	12.8	0.448081
8.8	13.2	0.440434
8.8	13.6	0.431642
8.8	14	0.421638
8.8	14.4	0.410359
8.8	14.8	0.397742
8.8	15.2	0.383723
8.8	15.6	0.368239
8.8	16	0.351224
8.8	16.4	0.332609
8.8	16.8	0.312323
8.8	17.2	0.290289
8.8	17.6	0.266426
8.8	18	0.240646
8.8	18.4	0.212854
8.8	18.8	0.182944
8.8	19.2	0.150802
8.8	19.6	0.116301
8.8	20	0.0792998
8.8	20.4	0.0396434
8.8	20.8	-0.0028418
8.8	21.2	-0.0483484
8.8	21.6	-0.0970911
8.8	22	-0.149309
8.8	22.4	-0.205269
8.8	22.8	-0.265268
8.8	23.2	-0.329637
8.8	23.6	-0.398744
8.8	24	-0.473001
8.8	24.4	-0.552864
8.8	24.8	-0.638842
8.8	25.2	-0.731501
8.8	25.6	-0.83147
9.2	0	0.77301
9.2	0.4	0.722036
9.2	0.8	0.677756
9.2	1.2	0.639484
9.2	1.6	0.606594
9.2	2	0.578515
9.2	2.4	0.554722
9.2	2.8	0.534736
9.2	3.2	0.518119
9.2	3.6	0.504468
9.2	4	0.493414
9.2	4.4	0.484621
9.2	4.8	0.477776
9.2	5.2	0.472596
9.2	5.6	0.468819
9.2	6	0.466203
9.2	6.4	0.464528
9.2	6.8	0.463589
9.2	7.2	0.463199
9.2	7.6	0.463185
9.2	8	0.463387
9.2	8.4	0.463659
9.2	8.8	0.463864
9.2	9.2	0.463877
9.2	9.6	0.463581
9.2	10	0.462869
9.2	10.4	0.461641
9.2	10.8	0.459804
9.2	11.2	0.457271
9.2	11.6	0.453961
9.2	12	0.449799
9.2	12.4	0.444713
9.2	12.8	0.438634
9.2	13.2	0.431499
9.2	13.6	0.423245
9.2	14	0.413812
9.2	14.4	0.403141
9.2	14.8	0.391174
9.2	15.2	0.377853
9.2	15.6	0.363118
9.2	16	0.346909
9.2	16.4	0.329165
9.2	16.8	0.309818
9.2	17.2	0.2888
9.2	17.6	0.266036
9.2	18	0.241445
9.2	18.4	0.21494
9.2	18.8	0.186426
9.2	19.2	0.155798
9.2	19.6	0.122938
9.2	20	0.0877189
9.2	20.4	0.0499971
9.2	20.8	0.00961381
9.2	21.2	-0.033608
9.2	21.6	-0.0798658
9.2	22	-0.12938
9.2	22.4	-0.182395
9.2	22.8	-0.239185
9.2	23.2	-0.300057
9.2	23.6	-0.365349
9.2	24	-0.435441
9.2	24.4	-0.510756
9.2	24.8	-0.591764
9.2	25.2	-0.678988
9.2	25.6	-0.77301
9.6	0	0.707107
9.6	0.4	0.661901
9.6	0.8	0.622816
9.6	1.2	0.58922
9.6	1.6	0.560537
9.6	2	0.53624
9.6	2.4	0.515847
9.6	2.8	0.498917
9.6	3.2	0.485045
9.6	3.6	0.473859
9.6	4	0.465019
9.6	4.4	0.458214
9.6	4.8	0.453156
9.6	5.2	0.449581
9.6	5.6	0.447248
9.6	6	0.445933
9.6	6.4	0.445432
9.6	6.8	0.445555
9.6	7.2	0.446128
9.6	7.6	0.446991
9.6	8	0.447996
9.6	8.4	0.449006
9.6	8.8	0.449896
9.6	9.2	0.450547
9.6	9.6	0.450854
9.6	10	0.450715
9.6	10.4	0.450038
9.6	10.8	0.448738
9.6	11.2	0.446733
9.6	11.6	0.443949
9.6	12	0.440316
9.6	12.4	0.435768
9.6	12.8	0.430243
9.6	13.2	0.423681
9.6	13.6	0.416026
9.6	14	0.407223
9.6	14.4	0.397219
9.6	14.8	0.38596
9.6	15.2	0.373395
9.6	15.6	0.35947
9.6	16	0.344131
9.6	16.4	0.327322
9.6	16.8	0.308985
9.6	17.2	0.289057
9.6	17.6	0.267472
9.6	18	0.244158
9.6	18.4	0.219038
9.6	18.8	0.192025
9.6	19.2	0.163026
9.6	19.6	0.131937
9.6	20	0.098642
9.6	20.4	0.063014
9.6	20.8	0.0249096
9.6	21.2	-0.0158301
9.6	21.6	-0.0593828
9.6	22	-0.105947
9.6	22.4	-0.155744
9.6	22.8	-0.209021
9.6	23.2	-0.266055
9.6	23.6	-0.327152
9.6	24	-0.392658
9.6	24.4	-0.462955
9.6	24.8	-0.53847
9.6	25.2	-0.619677
9.6	25.6	-0.707107
10	0	0.634393
10	0.4	0.595646
10	0.8	0.562385
10	1.2	0.53404
10	1.6	0.510091
10	2	0.490059
10	2.4	0.473508
10	2.8	0.460038
10	3.2	0.449281
10	3.6	0.4409
10	4	0.434587
10	4.4	0.430056
10	4.8	0.427048
10	5.2	0.425321
10	5.6	0.424655
10	6	0.424847
10	6.4	0.425708
10	6.8	0.427067
10	7.2	0.428763
10	7.6	0.430652
10	8	0.432596
10	8.4	0.434471
10	8.8	0.436161
10	9.2	0.43756
10	9.6	0.438569
10	10	0.439096
10	10.4	0.439057
10	10.8	0.438373
10	11.2	0.436971
10	11.6	0.434783
10	12	0.431745
10	12.4	0.427798
10	12.8	0.422886
10	13.2	0.416954
10	13.6	0.409954
10	14	0.401834
10	14.4	0.392549
10	14.8	0.382052
10	15.2	0.370296
10	15.6	0.357235
10	16	0.342822
10	16.4	0.327008
10	16.8	0.309743
10	17.2	0.290972
10	17.6	0.270638
10	18	0.248679
10	18.4	0.225028
10	18.8	0.19961
10	19.2	0.172345
10	19.6	0.143142
10	20	0.1119
10	20.4	0.0785084
10	20.8	0.0428422
10	21.2	0.00476227
10	21.6	-0.0358871
10	22	-0.0792802
10	22.4	-0.125612
10	22.8	-0.175099
10	23.2	-0.227987
10	23.6	-0.284547
10	24	-0.345084
10	24.4	-0.409936
10	24.8	-0.479482
10	25.2	-0.554144
10	25.6	-0.634393
10.4	0	0.55557
10.4	0.4	0.523904
10.4	0.8	0.497037
10.4	1.2	0.474465
10.4	1.6	0.455725
10.4	2	0.440395
10.4	2.4	0.428086
10.4	2.8	0.418442
10.4	3.2	0.411138
10.4	3.6	0.405871
10.4	4	0.402368
10.4	4.4	0.400374
10.4	4.8	0.399655
10.4	5.2	0.399997
10.4	5.6	0.401201
10.4	6	0.403086
10.4	6.4	0.405483
10.4	6.8	0.408236
10.4	7.2	0.411204
10.4	7.6	0.414252
10.4	8	0.417261
10.4	8.4	0.420116
10.4	8.8	0.422714
10.4	9.2	0.424959
10.4	9.6	0.426762
10.4	10	0.428039
10.4	10.4	0.428717
10.4	10.8	0.428723
10.4	11.2	0.427992
10.4	11.6	0.426463
10.4	12	0.424081
10.4	12.4	0.420791
10.4	12.8	0.416545
10.4	13.2	0.411295
10.4	13.6	0.404998
10.4	14	0.39761
10.4	14.4	0.389091
10.4	14.8	0.379401
10.4	15.2	0.368501
10.4	15.6	0.356352
10.4	16	0.342913
10.4	16.4	0.328146
10.4	16.8	0.312006
10.4	17.2	0.294449
10.4	17.6	0.275429
10.4	18	0.254893
10.4	18.4	0.232785
10.4	18.8	0.209045
10.4	19.2	0.183603
10.4	19.6	0.156386
10.4	20	0.127309
10.4	20.4	0.0962784
10.4	20.8	0.0631896
10.4	21.2	0.0279251
10.4	21.6	-0.00964684
10.4	22	-0.049674
10.4	22.4	-0.0923221
10.4	22.8	-0.137777
10.4	23.2	-0.186247
10.4	23.6	-0.237965
10.4	24	-0.293193
10.4	24.4	-0.352221
10.4	24.8	-0.415377
10.4	25.2	-0.483025
10.4	25.6	-0.55557
10.8	0	0.471397
10.8	0.4	0.447363
10.8	0.8	0.427394
10.8	1.2	0.411056
10.8	1.6	0.397949
10.8	2	0.387708
10.8	2.4	0.379996
10.8	2.8	0.374506
10.8	3.2	0.370953
10.8	3.6	0.369077
10.8	4	0.368637
10.8	4.4	0.369412
10.8	4.8	0.371198
10.8	5.2	0.373806
10.8	5.6	0.377063
10.8	6	0.38081
10.8	6.4	0.384897
10.8	6.8	0.389189
10.8	7.2	0.393559
10.8	7.6	0.39789
10.8	8	0.402076
10.8	8.4	0.406015
10.8	8.8	0.409618
10.8	9.2	0.412797
10.8	9.6	0.415476
10.8	10	0.417581
10.8	10.4	0.419045
10.8	10.8	0.419806
10.8	11.2	0.419808
10.8	11.6	0.418996
10.8	12	0.417322
10.8	12.4	0.414739
10.8	12.8	0.411206
10.8	13.2	0.406682
10.8	13.6	0.40113
10.8	14	0.394514
10.8	14.4	0.386802
10.8	14.8	0.377959
10.8	15.2	0.367954
10.8	15.6	0.356756
10.8	16	0.344333
10.8	16.4	0.330654
10.8	16.8	0.315685
10.8	17.2	0.299391
10.8	17.6	0.281735
10.8	18	0.262678
10.8	18.4	0.242175
10.8	18.8	0.22018
10.8	19.2	0.196638
10.8	19.6	0.171491
10.8	20	0.144672
10.8	20.4	0.116107
10.8	20.8	0.0857134
10.8	21.2	0.0533961
10.8	21.6	0.0190494
10.8	22	-0.0174462
10.8	22.4	-0.0562252
10.8	22.8	-0.0974389
10.8	23.2	-0.141258
10.8	23.6	-0.187873
10.8	24	-0.2375
10.8	24.4	-0.29038
10.8	24.8	-0.346781
10.8	25.2	-0.407008
10.8	25.6	-0.471397
11.2	0	0.382683
11.2	0.4	0.366756
11.2	0.8	0.35412
11.2	1.2	0.344414
11.2	1.6	0.337305
11.2	2	0.332489
11.2	2.4	0.329683
11.2	2.8	0.32863
11.2	3.2	0.32909
11.2	3.6	0.330844
11.2	4	0.333689
11.2	4.4	0.337437
11.2	4.8	0.341915
11.2	5.2	0.346963
11.2	5.6	0.352434
11.2	6	0.358189
11.2	6.4	0.364104
11.2	6.8	0.37006
11.2	7.2	0.375949
11.2	7.6	0.381671
11.2	8	0.387133
11.2	8.4	0.392249
11.2	8.8	0.39694
11.2	9.2	0.401133
11.2	9.6	0.404761
11.2	10	0.40776
11.2	10.4	0.410073
11.2	10.8	0.411647
11.2	11.2	0.412434
11.2	11.6	0.412388
11.2	12	0.411468
11.2	12.4	0.409635
11.2	12.8	0.406855
11.2	13.2	0.403095
11.2	13.6	0.398324
11.2	14	0.392515
11.2	14.4	0.385641
11.2	14.8	0.377677
11.2	15.2	0.368599
11.2	15.6	0.358384
11.2	16	0.347009
11.2	16.4	0.334452
11.2	16.8	0.320688
11.2	17.2	0.305694
11.2	17.6	0.289443
11.2	18	0.271908
11.2	18.4	0.253059
11.2	18.8	0.232861
11.2	19.2	0.211278
11.2	19.6	0.188267
11.2	20	0.163781
11.2	20.4	0.137766
11.2	20.8	0.110161
11.2	21.2	0.080897
11.2	21.6	0.0498949
11.2	22	0.0170654
11.2	22.4	-0.017693
11.2	22.8	-0.0544954
11.2	23.2	-0.0934719
11.2	23.6	-0.13477
11.2	24	-0.178555
11.2	24.4	-0.225015
11.2	24.8	-0.274361
11.2	25.2	-0.326828
11.2	25.6	-0.382683
11.6	0	0.290285
11.6	0.4	0.282857
11.6	0.8	0.277916
11.6	1.2	0.275174
11.6	1.6	0.274369
11.6	2	0.275258
11.6	2.4	0.277617
11.6	2.8	0.281239
11.6	3.2	0.285932
11.6	3.6	0.291519
11.6	4	0.297835
11.6	4.4	0.304729
11.6	4.8	0.31206
11.6	5.2	0.319696
11.6	5.6	0.327516
11.6	6	0.335408
11.6	6.4	0.343266
11.6	6.8	0.350995
11.6	7.2	0.358503
11.6	7.6	0.365708
11.6	8	0.372532
11.6	8.4	0.378904
11.6	8.8	0.384758
11.6	9.2	0.390033
11.6	9.6	0.394671
11.6	10	0.398622
11.6	10.4	0.401837
11.6	10.8	0.404274
11.6	11.2	0.405891
11.6	11.6	0.406652
11.6	12	0.406524
11.6	12.4	0.405477
11.6	12.8	0.403482
11.6	13.2	0.400516
11.6	13.6	0.396555
11.6	14	0.391578
11.6	14.4	0.385568
11.6	14.8	0.378507
11.6	15.2	0.370379
11.6	15.6	0.361171
11.6	16	0.350867
11.6	16.4	0.339455
11.6	16.8	0.326921
11.6	17.2	0.313252
11.6	17.6	0.298434
11.6	18	0.282452
11.6	18.4	0.26529
11.6	18.8	0.246928
11.6	19.2	0.227345
11.6	19.6	0.206518
11.6	20	0.184419
11.6	20.4	0.161014
11.6	20.8	0.136268
11.6	21.2	0.110136
11.6	21.6	0.0825679
11.6	22	0.053506
11.6	22.4	0.0228832
11.6	22.8	-0.00937753
11.6	23.2	-0.0433645
11.6	23.6	-0.0791787
11.6	24	-0.116935
11.6	24.4	-0.156765
11.6	24.8	-0.198818
11.6	25.2	-0.243261
11.6	25.6	-0.290285
12	0	0.19509
12	0.4	0.196473
12	0.8	0.19951
12	1.2	0.203996
12	1.6	0.209737
12	2	0.216556
12	2.4	0.224286
12	2.8	0.232775
12	3.2	0.241878
12	3.6	0.251462
12	4	0.261402
12	4.4	0.271583
12	4.8	0.281897
12	5.2	0.292242
12	5.6	0.302525
12	6	0.312657
12	6.4	0.322556
12	6.8	0.332147
12	7.2	0.341358
12	7.6	0.350124
12	8	0.358382
12	8.4	0.366076
12	8.8	0.373153
12	9.2	0.379565
12	9.6	0.385266
12	10	0.390217
12	10.4	0.394378
12	10.8	0.397716
12	11.2	0.4002
12	11.6	0.401802
12	12	0.402497
12	12.4	0.402263
12	12.8	0.401079
12	13.2	0.398929
12	13.6	0.395798
12	14	0.391674
12	14.4	0.386544
12	14.8	0.380402
12	15.2	0.373239
12	15.6	0.365051
12	16	0.355831
12	16.4	0.345578
12	16.8	0.334288
12	17.2	0.321959
12	17.6	0.308589
12	18	0.294176
12	18.4	0.278719
12	18.8	0.262214
12	19.2	0.244656
12	19.6	0.226041
12	20	0.206361
12	20.4	0.185605
12	20.8	0.16376
12	21.2	0.14081
12	21.6	0.116735
12	22	0.0915073
12	22.4	0.0650972
12	22.8	0.0374664
12	23.2	0.00857001
12	23.6	-0.0216452
12	24	-0.053242
12	24.4	-0.0862934
12	24.8	-0.120884
12	25.2	-0.157112
12	25.6	-0.19509
12.4	0	0.0980171
12.4	0.4	0.108433
12.4	0.8	0.119657
12.4	1.2	0.131562
12.4	1.6	0.144027
12.4	2	0.156941
12.4	2.4	0.170197
12.4	2.8	0.183695
12.4	3.2	0.197341
12.4	3.6	0.211046
12.4	4	0.224727
12.4	4.4	0.238303
12.4	4.8	0.251701
12.4	5.2	0.264849
12.4	5.6	0.277682
12.4	6	0.290136
12.4	6.4	0.302153
12.4	6.8	0.313677
12.4	7.2	0.324657
12.4	7.6	0.335044
12.4	8	0.344793
12.4	8.4	0.353861
12.4	8.8	0.362211
12.4	9.2	0.369805
12.4	9.6	0.376611
12.4	10	0.382598
12.4	10.4	0.38774
12.4	10.8	0.392011
12.4	11.2	0.39539
12.4	11.6	0.397858
12.4	12	0.399398
12.4	12.4	0.399996
12.4	12.8	0.39964
12.4	13.2	0.398322
12.4	13.6	0.396033
12.4	14	0.392771
12.4	14.4	0.388532
12.4	14.8	0.383316
12.4	15.2	0.377124
12.4	15.6	0.369959
12.4	16	0.361828
12.4	16.4	0.352736
12.4	16.8	0.342691
12.4	17.2	0.331704
12.4	17.6	0.319785
12.4	18	0.306944
12.4	18.4	0.293195
12.4	18.8	0.278551
12.4	19.2	0.263024
12.4	19.6	0.246629
12.4	20	0.229377
12.4	20.4	0.211283
12.4	20.8	0.192356
12.4	21.2	0.17261
12.4	21.6	0.152052
12.4	22	0.130691
12.4	22.4	0.108531
12.4	22.8	0.0855755
12.4	23.2	0.061823
12.4	23.6	0.0372694
12.4	24	0.0119056
12.4	24.4	-0.0142821
12.4	24.8	-0.0413133
12.4	25.2	-0.0692139
12.4	25.6	-0.0980171
12.8	0	1.22461e-016
12.8	0.4	0.0195849
12.8	0.8	0.0391225
12.8	1.2	0.0585659
12.8	1.6	0.0778683
12.8	2	0.0969831
12.8	2.4	0.115864
12.8	2.8	0.134466
12.8	3.2	0.152745
12.8	3.6	0.170655
12.8	4	0.188154
12.8	4.4	0.205201
12.8	4.8	0.221753
12.8	5.2	0.23777
12.8	5.6	0.253215
12.8	6	0.268051
12.8	6.4	0.28224
12.8	6.8	0.29575
12.8	7.2	0.308547
12.8	7.6	0.320601
12.8	8	0.331882
12.8	8.4	0.342364
12.8	8.8	0.352022
12.8	9.2	0.360831
12.8	9.6	0.368771
12.8	10	0.375823
12.8	10.4	0.381969
12.8	10.8	0.387195
12.8	11.2	0.391488
12.8	11.6	0.394839
12.8	12	0.397238
12.8	12.4	0.39868
12.8	12.8	0.399161
12.8	13.2	0.398681
12.8	13.6	0.397241
12.8	14	0.394843
12.8	14.4	0.391495
12.8	14.8	0.387203
12.8	15.2	0.381978
12.8	15.6	0.375833
12.8	16	0.368783
12.8	16.4	0.360844
12.8	16.8	0.352036
12.8	17.2	0.34238
12.8	17.6	0.331899
12.8	18	0.320619
12.8	18.4	0.308566
12.8	18.8	0.295769
12.8	19.2	0.28226
12.8	19.6	0.268071
12.8	20	0.253236
12.8	20.4	0.23779
12.8	20.8	0.221772
12.8	21.2	0.20522
12.8	21.6	0.188173
12.8	22	0.170672
12.8	22.4	0.15276
12.8	22.8	0.134481
12.8	23.2	0.115877
12.8	23.6	0.0969936
12.8	24	0.0778768
12.8	24.4	0.0585723
12.8	24.8	0.0391268
12.8	25.2	0.019587
12.8	25.6	-1.22461e-016
13.2	0	-0.0980171
13.2	0.4	-0.0692162
13.2	0.8	-0.0413178
13.2	1.2	-0.0142888
13.2	1.6	0.0118967
13.2	2	0.0372585
13.2	2.4	0.0618103
13.2	2.8	0.0855611
13.2	3.2	0.108515
13.2	3.6	0.130674
13.2	4	0.152034
13.2	4.4	0.172591
13.2	4.8	0.192337
13.2	5.2	0.211263
13.2	5.6	0.229358
13.2	6	0.24661
13.2	6.4	0.263006
13.2	6.8	0.278533
13.2	7.2	0.293178
13.2	7.6	0.306928
13.2	8	0.319769
13.2	8.4	0.33169
13.2	8.8	0.342679
13.2	9.2	0.352724
13.2	9.6	0.361818
13.2	10	0.369951
13.2	10.4	0.377117
13.2	10.8	0.38331
13.2	11.2	0.388528
13.2	11.6	0.392769
13.2	12	0.396032
13.2	12.4	0.398322
13.2	12.8	0.399642
13.2	13.2	0.399999
13.2	13.6	0.399403
13.2	14	0.397864
13.2	14.4	0.395398
13.2	14.8	0.39202
13.2	15.2	0.387751
13.2	15.6	0.38261
13.2	16	0.376625
13.2	16.4	0.36982
13.2	16.8	0.362227
13.2	17.2	0.353879
13.2	17.6	0.344811
13.2	18	0.335063
13.2	18.4	0.324677
13.2	18.8	0.313698
13.2	19.2	0.302174
13.2	19.6	0.290157
13.2	20	0.277703
13.2	20.4	0.26487
13.2	20.8	0.251721
13.2	21.2	0.238323
13.2	21.6	0.224745
13.2	22	0.211063
13.2	22.4	0.197357
13.2	22.8	0.183709
13.2	23.2	0.170209
13.2	23.6	0.156951
13.2	24	0.144035
13.2	24.4	0.131567
13.2	24.8	0.119661
13.2	25.2	0.108435
13.2	25.6	0.0980171
13.6	0	-0.19509
13.6	0.4	-0.157115
13.6	0.8	-0.120889
13.6	1.2	-0.0863003
13.6	1.6	-0.0532511
13.6	2	-0.0216564
13.6	2.4	0.00855713
13.6	2.8	0.037452
13.6	3.2	0.0650814
13.6	3.6	0.0914905
13.6	4	0.116717
13.6	4.4	0.140792
13.6	4.8	0.163742
13.6	5.2	0.185586
13.6	5.6	0.206342
13.6	6	0.226023
13.6	6.4	0.244639
13.6	6.8	0.262197
13.6	7.2	0.278704
13.6	7.6	0.294162
13.6	8	0.308576
13.6	8.4	0.321947
13.6	8.8	0.334277
13.6	9.2	0.345568
13.6	9.6	0.355823
13.6	10	0.365044
13.6	10.4	0.373235
13.6	10.8	0.380399
13.6	11.2	0.386543
13.6	11.6	0.391673
13.6	12	0.395799
13.6	12.4	0.398932
13.6	12.8	0.401083
13.6	13.2	0.402268
13.6	13.6	0.402504
13.6	14	0.401811
13.6	14.4	0.400211
13.6	14.8	0.397728
13.6	15.2	0.394391
13.6	15.6	0.390231
13.6	16	0.385282
13.6	16.4	0.379582
13.6	16.8	0.373171
13.6	17.2	0.366095
13.6	17.6	0.358402
13.6	18	0.350144
13.6	18.4	0.341379
13.6	18.8	0.332169
13.6	19.2	0.322578
13.6	19.6	0.312678
13.6	20	0.302546
13.6	20.4	0.292263
13.6	20.8	0.281917
13.6	21.2	0.271603
13.6	21.6	0.26142
13.6	22	0.251478
13.6	22.4	0.241893
13.6	22.8	0.232788
13.6	23.2	0.224298
13.6	23.6	0.216565
13.6	24	0.209744
13.6	24.4	0.204001
13.6	24.8	0.199514
13.6	25.2	0.196474
13.6	25.6	0.19509
14	0	-0.290285
14	0.4	-0.243263
14	0.8	-0.198823
14	1.2	-0.156773
14	1.6	-0.116945
14	2	-0.0791899
14	2.4	-0.0433773
14	2.8	-0.00939181
14	3.2	0.0228678
14	3.6	0.0534897
14	4	0.082551
14	4.4	0.110119
14	4.8	0.136251
14	5.2	0.160997
14	5.6	0.184402
14	6	0.206502
14	6.4	0.22733
14	6.8	0.246913
14	7.2	0.265276
14	7.6	0.28244
14	8	0.298423
14	8.4	0.313242
14	8.8	0.326913
14	9.2	0.339448
14	9.6	0.350861
14	10	0.361166
14	10.4	0.370377
14	10.8	0.378506
14	11.2	0.385568
14	11.6	0.39158
14	12	0.396558
14	12.4	0.40052
14	12.8	0.403488
14	13.2	0.405484
14	13.6	0.406533
14	14	0.406662
14	14.4	0.405902
14	14.8	0.404287
14	15.2	0.401852
14	15.6	0.398638
14	16	0.394688
14	16.4	0.390051
14	16.8	0.384778
14	17.2	0.378925
14	17.6	0.372553
14	18	0.36573
14	18.4	0.358525
14	18.8	0.351017
14	19.2	0.343289
14	19.6	0.33543
14	20	0.327538
14	20.4	0.319717
14	20.8	0.31208
14	21.2	0.304748
14	21.6	0.297853
14	22	0.291535
14	22.4	0.285946
14	22.8	0.281251
14	23.2	0.277628
14	23.6	0.275267
14	24	0.274375
14	24.4	0.275179
14	24.8	0.277919
14	25.2	0.282859
14	25.6	0.290285
14.4	0	-0.382683
14.4	0.4	-0.326831
14.4	0.8	-0.274366
14.4	1.2	-0.225022
14.4	1.6	-0.178564
14.4	2	-0.134781
14.4	2.4	-0.0934846
14.4	2.8	-0.0545093
14.4	3.2	-0.017708
14.4	3.6	0.0170498
14.4	4	0.0498788
14.4	4.4	0.0808808
14.4	4.8	0.110145
14.4	5.2	0.13775
14.4	5.6	0.163766
14.4	6	0.188252
14.4	6.4	0.211264
14.4	6.8	0.232849
14.4	7.2	0.253047
14.4	7.6	0.271898
14.4	8	0.289434
14.4	8.4	0.305686
14.4	8.8	0.320682
14.4	9.2	0.334447
14.4	9.6	0.347006
14.4	10	0.358382
14.4	10.4	0.368598
14.4	10.8	0.377678
14.4	11.2	0.385643
14.4	11.6	0.392519
14.4	12	0.398329
14.4	12.4	0.403101
14.4	12.8	0.406863
14.4	13.2	0.409645
14.4	13.6	0.411479
14.4	14	0.4124
14.4	14.4	0.412448
14.4	14.8	0.411662
14.4	15.2	0.410089
14.4	15.6	0.407777
14.4	16	0.404779
14.4	16.4	0.401153
14.4	16.8	0.396961
14.4	17.2	0.39227
14.4	17.6	0.387154
14.4	18	0.381693
14.4	18.4	0.375971
14.4	18.8	0.370082
14.4	19.2	0.364126
14.4	19.6	0.358212
14.4	20	0.352455
14.4	20.4	0.346984
14.4	20.8	0.341935
14.4	21.2	0.337455
14.4	21.6	0.333706
14.4	22	0.33086
14.4	22.4	0.329104
14.4	22.8	0.328642
14.4	23.2	0.329693
14.4	23.6	0.332497
14.4	24	0.337311
14.4	24.4	0.344418
14.4	24.8	0.354123
14.4	25.2	0.366757
14.4	25.6	0.382683
14.8	0	-0.471397
14.8	0.4	-0.40701
14.8	0.8	-0.346786
14.8	1.2	-0.290387
14.8	1.6	-0.237509
14.8	2	-0.187884
14.8	2.4	-0.14127
14.8	2.8	-0.0974524
14.8	3.2	-0.0562394
14.8	3.6	-0.017461
14.8	4	0.0190344
14.8	4.4	0.0533812
14.8	4.8	0.0856988
14.8	5.2	0.116093
14.8	5.6	0.144658
14.8	6	0.171478
14.8	6.4	0.196626
14.8	6.8	0.220169
14.8	7.2	0.242166
14.8	7.6	0.26267
14.8	8	0.281729
14.8	8.4	0.299386
14.8	8.8	0.315681
14.8	9.2	0.330652
14.8	9.6	0.344333
14.8	10	0.356756
14.8	10.4	0.367956
14.8	10.8	0.377962
14.8	11.2	0.386806
14.8	11.6	0.39452
14.8	12	0.401137
14.8	12.4	0.406691
14.8	12.8	0.411216
14.8	13.2	0.41475
14.8	13.6	0.417334
14.8	14	0.41901
14.8	14.4	0.419823
14.8	14.8	0.419823
14.8	15.2	0.419062
14.8	15.6	0.417599
14.8	16	0.415495
14.8	16.4	0.412818
14.8	16.8	0.409639
14.8	17.2	0.406037
14.8	17.6	0.402098
14.8	18	0.397913
14.8	18.4	0.393581
14.8	18.8	0.389212
14.8	19.2	0.38492
14.8	19.6	0.380832
14.8	20	0.377085
14.8	20.4	0.373826
14.8	20.8	0.371217
14.8	21.2	0.36943
14.8	21.6	0.368653
14.8	22	0.369092
14.8	22.4	0.370966
14.8	22.8	0.374517
14.8	23.2	0.380005
14.8	23.6	0.387714
14.8	24	0.397954
14.8	24.4	0.411059
14.8	24.8	0.427396
14.8	25.2	0.447364
14.8	25.6	0.471397
15.2	0	-0.55557
15.2	0.4	-0.483028
15.2	0.8	-0.415382
15.2	1.2	-0.352228
15.2	1.6	-0.293202
15.2	2	-0.237976
15.2	2.4	-0.186259
15.2	2.8	-0.13779
15.2	3.2	-0.0923356
15.2	3.6	-0.0496878
15.2	4	-0.00966062
15.2	4.4	0.0279116
15.2	4.8	0.0631766
15.2	5.2	0.096266
15.2	5.6	0.127297
15.2	6	0.156376
15.2	6.4	0.183594
15.2	6.8	0.209036
15.2	7.2	0.232778
15.2	7.6	0.254887
15.2	8	0.275425
15.2	8.4	0.294447
15.2	8.8	0.312004
15.2	9.2	0.328146
15.2	9.6	0.342915
15.2	10	0.356354
15.2	10.4	0.368505
15.2	10.8	0.379406
15.2	11.2	0.389097
15.2	11.6	0.397618
15.2	12	0.405007
15.2	12.4	0.411306
15.2	12.8	0.416557
15.2	13.2	0.420804
15.2	13.6	0.424095
15.2	14	0.426479
15.2	14.4	0.428008
15.2	14.8	0.42874
15.2	15.2	0.428735
15.2	15.6	0.428059
15.2	16	0.426782
15.2	16.4	0.42498
15.2	16.8	0.422736
15.2	17.2	0.420139
15.2	17.6	0.417284
15.2	18	0.414275
15.2	18.4	0.411227
15.2	18.8	0.408259
15.2	19.2	0.405505
15.2	19.6	0.403107
15.2	20	0.401222
15.2	20.4	0.400016
15.2	20.8	0.399673
15.2	21.2	0.40039
15.2	21.6	0.402383
15.2	22	0.405885
15.2	22.4	0.411149
15.2	22.8	0.418452
15.2	23.2	0.428093
15.2	23.6	0.440401
15.2	24	0.455729
15.2	24.4	0.474468
15.2	24.8	0.497039
15.2	25.2	0.523905
15.2	25.6	0.55557
15.6	0	-0.634393
15.6	0.4	-0.554147
15.6	0.8	-0.479487
15.6	1.2	-0.409942
15.6	1.6	-0.345092
15.6	2	-0.284557
15.6	2.4	-0.227998
15.6	2.8	-0.175111
15.6	3.2	-0.125624
15.6	3.6	-0.0792927
15.6	4	-0.0358995
15.6	4.4	0.00475032
15.6	4.8	0.0428309
15.6	5.2	0.078498
15.6	5.6	0.111891
15.6	6	0.143133
15.6	6.4	0.172338
15.6	6.8	0.199605
15.6	7.2	0.225024
15.6	7.6	0.248676
15.6	8	0.270636
15.6	8.4	0.290972
15.6	8.8	0.309744
15.6	9.2	0.327011
15.6	9.6	0.342826
15.6	10	0.35724
15.6	10.4	0.370302
15.6	10.8	0.382059
15.6	11.2	0.392558
15.6	11.6	0.401844
15.6	12	0.409965
15.6	12.4	0.416967
15.6	12.8	0.422899
15.6	13.2	0.427812
15.6	13.6	0.43176
15.6	14	0.434799
15.6	14.4	0.436988
15.6	14.8	0.438391
15.6	15.2	0.439076
15.6	15.6	0.439116
15.6	16	0.43859
15.6	16.4	0.437582
15.6	16.8	0.436183
15.6	17.2	0.434493
15.6	17.6	0.432619
15.6	18	0.430675
15.6	18.4	0.428786
15.6	18.8	0.427089
15.6	19.2	0.42573
15.6	19.6	0.424867
15.6	20	0.424675
15.6	20.4	0.42534
15.6	20.8	0.427065
15.6	21.2	0.430072
15.6	21.6	0.434601
15.6	22	0.440912
15.6	22.4	0.449291
15.6	22.8	0.460046
15.6	23.2	0.473514
15.6	23.6	0.490064
15.6	24	0.510094
15.6	24.4	0.534042
15.6	24.8	0.562386
15.6	25.2	0.595646
15.6	25.6	0.634393
16	0	-0.707107
16	0.4	-0.61968
16	0.8	-0.538474
16	1.2	-0.462962
16	1.6	-0.392667
16	2	-0.327162
16	2.4	-0.266065
16	2.8	-0.209032
16	3.2	-0.155755
16	3.6	-0.105958
16	4	-0.0593936
16	4.4	-0.0158403
16	4.8	0.0249003
16	5.2	0.0630056
16	5.6	0.0986348
16	6	0.131931
16	6.4	0.163021
16	6.8	0.192022
16	7.2	0.219036
16	7.6	0.244158
16	8	0.267473
16	8.4	0.289059
16	8.8	0.308989
16	9.2	0.327327
16	9.6	0.344137
16	10	0.359477
16	10.4	0.373403
16	10.8	0.38597
16	11.2	0.397229
16	11.6	0.407235
16	12	0.416039
16	12.4	0.423695
16	12.8	0.430257
16	13.2	0.435784
16	13.6	0.440333
16	14	0.443966
16	14.4	0.446751
16	14.8	0.448757
16	15.2	0.450059
16	15.6	0.450736
16	16	0.450875
16	16.4	0.45057
16	16.8	0.449918
16	17.2	0.449029
16	17.6	0.448019
16	18	0.447014
16	18.4	0.44615
16	18.8	0.445577
16	19.2	0.445453
16	19.6	0.445953
16	20	0.447267
16	20.4	0.449599
16	20.8	0.453172
16	21.2	0.458228
16	21.6	0.465032
16	22	0.473869
16	22.4	0.485053
16	22.8	0.498924
16	23.2	0.515852
16	23.6	0.536243
16	24	0.560539
16	24.4	0.58922
16	24.8	0.622816
16	25.2	0.661901
16	25.6	0.707107
16.4	0	-0.77301
16.4	0.4	-0.678991
16.4	0.8	-0.591769
16.4	1.2	-0.510763
16.4	1.6	-0.435449
16.4	2	-0.365358
16.4	2.4	-0.300066
16.4	2.8	-0.239195
16.4	3.2	-0.182405
16.4	3.6	-0.129389
16.4	4	-0.0798749
16.4	4.4	-0.0336164
16.4	4.8	0.00960643
16.4	5.2	0.0499909
16.4	5.6	0.0877139
16.4	6	0.122935
16.4	6.4	0.155796
16.4	6.8	0.186426
16.4	7.2	0.214941
16.4	7.6	0.241447
16.4	8	0.266039
16.4	8.4	0.288805
16.4	8.8	0.309824
16.4	9.2	0.329172
16.4	9.6	0.346918
16.4	10	0.363127
16.4	10.4	0.377863
16.4	10.8	0.391186
16.4	11.2	0.403154
16.4	11.6	0.413826
16.4	12	0.423259
16.4	12.4	0.431514
16.4	12.8	0.43865
16.4	13.2	0.44473
16.4	13.6	0.449817
16.4	14	0.45398
16.4	14.4	0.45729
16.4	14.8	0.459824
16.4	15.2	0.461662
16.4	15.6	0.46289
16.4	16	0.463603
16.4	16.4	0.463899
16.4	16.8	0.463886
16.4	17.2	0.463681
16.4	17.6	0.46341
16.4	18	0.463207
16.4	18.4	0.46322
16.4	18.8	0.46361
16.4	19.2	0.464548
16.4	19.6	0.466222
16.4	20	0.468836
16.4	20.4	0.472612
16.4	20.8	0.477791
16.4	21.2	0.484633
16.4	21.6	0.493425
16.4	22	0.504477
16.4	22.4	0.518126
16.4	22.8	0.534741
16.4	23.2	0.554726
16.4	23.6	0.578517
16.4	24	0.606595
16.4	24.4	0.639484
16.4	24.8	0.677755
16.4	25.2	0.722036
16.4	25.6	0.77301
16.8	0	-0.83147
16.8	0.4	-0.731504
16.8	0.8	-0.638847
16.8	1.2	-0.55287
16.8	1.6	-0.473008
16.8	2	-0.398752
16.8	2.4	-0.329645
16.8	2.8	-0.265277
16.8	3.2	-0.205278
16.8	3.6	-0.149317
16.8	4	-0.0970986
16.8	4.4	-0.0483549
16.8	4.8	-0.00284711
16.8	5.2	0.0396393
16.8	5.6	0.0792972
16.8	6	0.1163
16.8	6.4	0.150802
16.8	6.8	0.182946
16.8	7.2	0.212857
16.8	7.6	0.240651
16.8	8	0.266432
16.8	8.4	0.290296
16.8	8.8	0.312331
16.8	9.2	0.332619
16.8	9.6	0.351235
16.8	10	0.368251
16.8	10.4	0.383736
16.8	10.8	0.397755
16.8	11.2	0.410373
16.8	11.6	0.421653
16.8	12	0.431657
16.8	12.4	0.440451
16.8	12.8	0.448098
16.8	13.2	0.454665
16.8	13.6	0.460223
16.8	14	0.464843
16.8	14.4	0.468602
16.8	14.8	0.471583
16.8	15.2	0.47387
16.8	15.6	0.475557
16.8	16	0.476742
16.8	16.4	0.477532
16.8	16.8	0.478042
16.8	17.2	0.478396
16.8	17.6	0.478727
16.8	18	0.479179
16.8	18.4	0.47991
16.8	18.8	0.481089
16.8	19.2	0.482901
16.8	19.6	0.485545
16.8	20	0.489239
16.8	20.4	0.494219
16.8	20.8	0.500741
16.8	21.2	0.509085
16.8	21.6	0.519555
16.8	22	0.532482
16.8	22.4	0.548229
16.8	22.8	0.567187
16.8	23.2	0.589789
16.8	23.6	0.616502
16.8	24	0.64784
16.8	24.4	0.684363
16.8	24.8	0.726685
16.8	25.2	0.775476
16.8	25.6	0.83147
17.2	0	-0.881921
17.2	0.4	-0.776707
17.2	0.8	-0.679244
17.2	1.2	-0.588862
17.2	1.6	-0.50496
17.2	2	-0.426996
17.2	2.4	-0.354484
17.2	2.8	-0.286986
17.2	3.2	-0.22411
17.2	3.6	-0.165502
17.2	4	-0.110845
17.2	4.4	-0.0598553
17.2	4.8	-0.0122772
17.2	5.2	0.0321185
17.2	5.6	0.0735378
17.2	6	0.112166
17.2	6.4	0.14817
17.2	6.8	0.1817
17.2	7.2	0.212892
17.2	7.6	0.241869
17.2	8	0.268743
17.2	8.4	0.293618
17.2	8.8	0.316587
17.2	9.2	0.337737
17.2	9.6	0.357151
17.2	10	0.374905
17.2	10.4	0.391073
17.2	10.8	0.405725
17.2	11.2	0.418929
17.2	11.6	0.430753
17.2	12	0.441265
17.2	12.4	0.450531
17.2	12.8	0.458622
17.2	13.2	0.465608
17.2	13.6	0.471563
17.2	14	0.476563
17.2	14.4	0.480691
17.2	14.8	0.484031
17.2	15.2	0.486675
17.2	15.6	0.488721
17.2	16	0.490272
17.2	16.4	0.491442
17.2	16.8	0.492351
17.2	17.2	0.493129
17.2	17.6	0.493917
17.2	18	0.494868
17.2	18.4	0.496146
17.2	18.8	0.497931
17.2	19.2	0.500417
17.2	19.6	0.503814
17.2	20	0.508352
17.2	20.4	0.514278
17.2	20.8	0.521865
17.2	21.2	0.531406
17.2	21.6	0.543223
17.2	22	0.557666
17.2	22.4	0.575115
17.2	22.8	0.595988
17.2	23.2	0.620737
17.2	23.6	0.64986
17.2	24	0.683898
17.2	24.4	0.723443
17.2	24.8	0.769145
17.2	25.2	0.821712
17.2	25.6	0.881921
17.6	0	-0.92388
17.6	0.4	-0.81416
17.6	0.8	-0.712558
17.6	1.2	-0.618373
17.6	1.6	-0.530972
17.6	2	-0.449787
17.6	2.4	-0.374307
17.6	2.8	-0.304073
17.6	3.2	-0.238672
17.6	3.6	-0.177732
17.6	4	-0.120922
17.6	4.4	-0.0679417
17.6	4.8	-0.0185227
17.6	5.2	0.0275762
17.6	5.6	0.0705717
17.6	6	0.110659
17.6	6.4	0.148013
17.6	6.8	0.182794
17.6	7.2	0.215143
17.6	7.6	0.245191
17.6	8	0.273055
17.6	8.4	0.298846
17.6	8.8	0.322661
17.6	9.2	0.344592
17.6	9.6	0.364727
17.6	10	0.383146
17.6	10.4	0.399926
17.6	10.8	0.415141
17.6	11.2	0.428864
17.6	11.6	0.441165
17.6	12	0.452115
17.6	12.4	0.461786
17.6	12.8	0.470249
17.6	13.2	0.47758
17.6	13.6	0.483855
17.6	14	0.489154
17.6	14.4	0.493563
17.6	14.8	0.497172
17.6	15.2	0.500075
17.6	15.6	0.502375
17.6	16	0.50418
17.6	16.4	0.505608
17.6	16.8	0.506785
17.6	17.2	0.507847
17.6	17.6	0.50894
17.6	18	0.510224
17.6	18.4	0.511871
17.6	18.8	0.514068
17.6	19.2	0.517017
17.6	19.6	0.520938
17.6	20	0.52607
17.6	20.4	0.532673
17.6	20.8	0.541029
17.6	21.2	0.551447
17.6	21.6	0.564262
17.6	22	0.579839
17.6	22.4	0.598576
17.6	22.8	0.620908
17.6	23.2	0.64731
17.6	23.6	0.678301
17.6	24	0.714446
17.6	24.4	0.756366
17.6	24.8	0.804738
17.6	25.2	0.860305
17.6	25.6	0.92388
18	0	-0.95694
18	0.4	-0.843494
18	0.8	-0.738456
18	1.2	-0.641098
18	1.6	-0.550766
18	2	-0.466871
18	2.4	-0.388882
18	2.8	-0.316324
18	3.2	-0.248769
18	3.6	-0.185832
18	4	-0.127167
18	4.4	-0.0724643
18	4.8	-0.0214456
18	5.2	0.0261396
18	5.6	0.0705162
18	6	0.111887
18	6.4	0.150433
18	6.8	0.18632
18	7.2	0.219696
18	7.6	0.250697
18	8	0.279444
18	8.4	0.30605
18	8.8	0.330618
18	9.2	0.353245
18	9.6	0.374019
18	10	0.393025
18	10.4	0.410343
18	10.8	0.426049
18	11.2	0.440219
18	11.6	0.452926
18	12	0.464244
18	12.4	0.474246
18	12.8	0.483007
18	13.2	0.490605
18	13.6	0.497119
18	14	0.502632
18	14.4	0.507233
18	14.8	0.511015
18	15.2	0.514075
18	15.6	0.51652
18	16	0.518462
18	16.4	0.520021
18	16.8	0.52133
18	17.2	0.522528
18	17.6	0.523767
18	18	0.525212
18	18.4	0.527041
18	18.8	0.529447
18	19.2	0.532639
18	19.6	0.536845
18	20	0.542312
18	20.4	0.549309
18	20.8	0.558128
18	21.2	0.569087
18	21.6	0.582534
18	22	0.598847
18	22.4	0.618437
18	22.8	0.641755
18	23.2	0.669292
18	23.6	0.701584
18	24	0.739218
18	24.4	0.782835
18	24.8	0.833136
18	25.2	0.890891
18	25.6	0.95694
18.4	0	-0.980785
18.4	0.4	-0.864419
18.4	0.8	-0.756671
18.4	1.2	-0.656796
18.4	1.6	-0.564122
18.4	2	-0.478046
18.4	2.4	-0.398025
18.4	2.8	-0.323571
18.4	3.2	-0.254246
18.4	3.6	-0.189656
18.4	4	-0.129447
18.4	4.4	-0.0733006
18.4	4.8	-0.0209325
18.4	5.2	0.0279141
18.4	5.6	0.0734694
18.4	6	0.115941
18.4	6.4	0.155515
18.4	6.8	0.19236
18.4	7.2	0.226628
18.4	7.6	0.258457
18.4	8	0.287974
18.4	8.4	0.315292
18.4	8.8	0.340519
18.4	9.2	0.363751
18.4	9.6	0.38508
18.4	10	0.404593
18.4	10.4	0.422371
18.4	10.8	0.438493
18.4	11.2	0.453036
18.4	11.6	0.466076
18.4	12	0.477686
18.4	12.4	0.487944
18.4	12.8	0.496926
18.4	13.2	0.504711
18.4	13.6	0.51138
18.4	14	0.51702
18.4	14.4	0.52172
18.4	14.8	0.525575
18.4	15.2	0.528687
18.4	15.6	0.531163
18.4	16	0.53312
18.4	16.4	0.534681
18.4	16.8	0.535981
18.4	17.2	0.537163
18.4	17.6	0.538384
18.4	18	0.539811
18.4	18.4	0.541629
18.4	18.8	0.544034
18.4	19.2	0.547242
18.4	19.6	0.551486
18.4	20	0.557019
18.4	20.4	0.564117
18.4	20.8	0.57308
18.4	21.2	0.584235
18.4	21.6	0.597937
18.4	22	0.614573
18.4	22.4	0.634567
18.4	22.8	0.65838
18.4	23.2	0.686515
18.4	23.6	0.719523
18.4	24	0.758004
18.4	24.4	0.802617
18.4	24.8	0.854081
18.4	25.2	0.913183
18.4	25.6	0.980785
18.8	0	-0.995185
18.8	0.4	-0.876727
18.8	0.8	-0.767014
18.8	1.2	-0.665291
18.8	1.6	-0.570878
18.8	2	-0.483164
18.8	2.4	-0.401598
18.8	2.8	-0.325687
18.8	3.2	-0.254986
18.8	3.6	-0.189097
18.8	4	-0.127661
18.8	4.4	-0.0703563
18.8	4.8	-0.0168951
18.8	5.2	0.0329824
18.8	5.6	0.079509
18.8	6	0.122894
18.8	6.4	0.163327
18.8	6.8	0.200978
18.8	7.2	0.236
18.8	7.6	0.268533
18.8	8	0.298703
18.8	8.4	0.326628
18.8	8.8	0.352414
18.8	9.2	0.37616
18.8	9.6	0.397957
18.8	10	0.417895
18.8	10.4	0.436054
18.8	10.8	0.452515
18.8	11.2	0.467356
18.8	11.6	0.480652
18.8	12	0.492481
18.8	12.4	0.502917
18.8	12.8	0.51204
18.8	13.2	0.51993
18.8	13.6	0.526669
18.8	14	0.532344
18.8	14.4	0.537047
18.8	14.8	0.540875
18.8	15.2	0.54393
18.8	15.6	0.546323
18.8	16	0.54817
18.8	16.4	0.549598
18.8	16.8	0.550744
18.8	17.2	0.551755
18.8	17.6	0.552788
18.8	18	0.554016
18.8	18.4	0.555624
18.8	18.8	0.557813
18.8	19.2	0.560804
18.8	19.6	0.564832
18.8	20	0.570156
18.8	20.4	0.577056
18.8	20.8	0.585837
18.8	21.2	0.596831
18.8	21.6	0.6104
18.8	22	0.626938
18.8	22.4	0.646875
18.8	22.8	0.670679
18.8	23.2	0.698863
18.8	23.6	0.731986
18.8	24	0.770658
18.8	24.4	0.815548
18.8	24.8	0.867386
18.8	25.2	0.926973
18.8	25.6	0.995185
19.2	0	-1
19.2	0.4	-0.880288
19.2	0.8	-0.769366
19.2	1.2	-0.666475
19.2	1.6	-0.570934
19.2	2	-0.482131
19.2	2.4	-0.399515
19.2	2.8	-0.32259
19.2	3.2	-0.250912
19.2	3.6	-0.184081
19.2	4	-0.12174
19.2	4.4	-0.0635662
19.2	4.8	-0.00927119
19.2	5.2	0.0414041
19.2	5.6	0.0886925
19.2	6	0.132803
19.2	6.4	0.173925
19.2	6.8	0.212227
19.2	7.2	0.247863
19.2	7.6	0.280972
19.2	8	0.31168
19.2	8.4	0.340104
19.2	8.8	0.36635
19.2	9.2	0.390517
19.2	9.6	0.412696
19.2	10	0.432975
19.2	10.4	0.451435
19.2	10.8	0.468158
19.2	11.2	0.483219
19.2	11.6	0.496696
19.2	12	0.508665
19.2	12.4	0.519202
19.2	12.8	0.528386
19.2	13.2	0.536297
19.2	13.6	0.543018
19.2	14	0.548637
19.2	14.4	0.553247
19.2	14.8	0.556944
19.2	15.2	0.559832
19.2	15.6	0.562023
19.2	16	0.563634
19.2	16.4	0.564794
19.2	16.8	0.565639
19.2	17.2	0.566319
19.2	17.6	0.566993
19.2	18	0.567834
19.2	18.4	0.569031
19.2	18.8	0.570787
19.2	19.2	0.573322
19.2	19.6	0.576877
19.2	20	0.581711
19.2	20.4	0.588108
19.2	20.8	0.596375
19.2	21.2	0.606847
19.2	21.6	0.61989
19.2	22	0.6359
19.2	22.4	0.655311
19.2	22.8	0.678596
19.2	23.2	0.70627
19.2	23.6	0.738897
19.2	24	0.777092
19.2	24.4	0.821528
19.2	24.8	0.872942
19.2	25.2	0.932139
19.2	25.6	1
19.6	0	-0.995185
19.6	0.4	-0.87506
19.6	0.8	-0.763685
19.6	1.2	-0.660307
19.6	1.6	-0.564252
19.6	2	-0.474911
19.6	2.4	-0.391738
19.6	2.8	-0.314244
19.6	3.2	-0.241988
19.6	3.6	-0.174574
19.6	4	-0.111649
19.6	4.4	-0.0528945
19.6	4.8	0.00197511
19.6	5.2	0.0532154
19.6	5.6	0.101056
19.6	6	0.145704
19.6	6.4	0.187344
19.6	6.8	0.226144
19.6	7.2	0.262254
19.6	7.6	0.295813
19.6	8	0.326943
19.6	8.4	0.35576
19.6	8.8	0.382367
19.6	9.2	0.406862
19.6	9.6	0.429335
19.6	10	0.449872
19.6	10.4	0.468555
19.6	10.8	0.48546
19.6	11.2	0.500666
19.6	11.6	0.514247
19.6	12	0.526279
19.6	12.4	0.536839
19.6	12.8	0.546002
19.6	13.2	0.553851
19.6	13.6	0.560467
19.6	14	0.565938
19.6	14.4	0.570356
19.6	14.8	0.573818
19.6	15.2	0.576429
19.6	15.6	0.578298
19.6	16	0.579545
19.6	16.4	0.580298
19.6	16.8	0.580695
19.6	17.2	0.580883
19.6	17.6	0.581025
19.6	18	0.581292
19.6	18.4	0.581875
19.6	18.8	0.582976
19.6	19.2	0.584816
19.6	19.6	0.587637
19.6	20	0.591699
19.6	20.4	0.597285
19.6	20.8	0.604703
19.6	21.2	0.614289
19.6	21.6	0.626408
19.6	22	0.641457
19.6	22.4	0.65987
19.6	22.8	0.682119
19.6	23.2	0.708721
19.6	23.6	0.740237
19.6	24	0.777283
19.6	24.4	0.82053
19.6	24.8	0.870715
19.6	25.2	0.928639
19.6	25.6	0.995185
20	0	-0.980785
20	0.4	-0.861082
20	0.8	-0.750005
20	1.2	-0.646816
20	1.6	-0.550853
20	2	-0.461519
20	2.4	-0.378281
20	2.8	-0.300658
20	3.2	-0.228218
20	3.6	-0.160576
20	4	-0.0973853
20	4.4	-0.0383349
20	4.8	0.0168534
20	5.2	0.068429
20	5.6	0.116616
20	6	0.161615
20	6.4	0.203606
20	6.8	0.242752
20	7.2	0.279201
20	7.6	0.313084
20	8	0.344522
20	8.4	0.373626
20	8.8	0.400497
20	9.2	0.42523
20	9.6	0.447912
20	10	0.468625
20	10.4	0.48745
20	10.8	0.504462
20	11.2	0.519737
20	11.6	0.533346
20	12	0.545366
20	12.4	0.555869
20	12.8	0.564932
20	13.2	0.572634
20	13.6	0.579058
20	14	0.584289
20	14.4	0.588418
20	14.8	0.591541
20	15.2	0.593763
20	15.6	0.595192
20	16	0.595947
20	16.4	0.596155
20	16.8	0.595954
20	17.2	0.595491
20	17.6	0.594925
20	18	0.594431
20	18.4	0.594194
20	18.8	0.594419
20	19.2	0.595325
20	19.6	0.597152
20	20	0.600157
20	20.4	0.604624
20	20.8	0.610858
20	21.2	0.619193
20	21.6	0.629991
20	22	0.643646
20	22.4	0.660589
20	22.8	0.681288
20	23.2	0.706254
20	23.6	0.736045
20	24	0.77127
20	24.4	0.812594
20	24.8	0.860746
20	25.2	0.916519
20	25.6	0.980785
20.4	0	-0.95694
20.4	0.4	-0.838478
20.4	0.8	-0.728435
20.4	1.2	-0.626098
20.4	1.6	-0.530822
20.4	2	-0.442031
20.4	2.4	-0.359207
20.4	2.8	-0.281885
20.4	3.2	-0.209649
20.4	3.6	-0.142125
20.4	4	-0.0789782
20.4	4.4	-0.0199104
20.4	4.8	0.035347
20.4	5.2	0.0870341
20.4	5.6	0.135366
20.4	6	0.180535
20.4	6.4	0.222715
20.4	6.8	0.262061
20.4	7.2	0.298714
20.4	7.6	0.332801
20.4	8	0.364436
20.4	8.4	0.393726
20.4	8.8	0.420767
20.4	9.2	0.445649
20.4	9.6	0.468456
20.4	10	0.489267
20.4	10.4	0.508158
20.4	10.8	0.525202
20.4	11.2	0.540471
20.4	11.6	0.554035
20.4	12	0.565967
20.4	12.4	0.576337
20.4	12.8	0.585221
20.4	13.2	0.592695
20.4	13.6	0.59884
20.4	14	0.603739
20.4	14.4	0.607482
20.4	14.8	0.610163
20.4	15.2	0.611885
20.4	15.6	0.612756
20.4	16	0.612892
20.4	16.4	0.612418
20.4	16.8	0.611471
20.4	17.2	0.610195
20.4	17.6	0.60875
20.4	18	0.607306
20.4	18.4	0.606048
20.4	18.8	0.605177
20.4	19.2	0.604909
20.4	19.6	0.605482
20.4	20	0.60715
20.4	20.4	0.610191
20.4	20.8	0.614909
20.4	21.2	0.62163
20.4	21.6	0.630712
20.4	22	0.642544
20.4	22.4	0.657548
20.4	22.8	0.676186
20.4	23.2	0.698959
20.4	23.6	0.726417
20.4	24	0.759156
20.4	24.4	0.797831
20.4	24.8	0.843154
20.4	25.2	0.895906
20.4	25.6	0.95694
20.8	0	-0.92388
20.8	0.4	-0.807453
20.8	0.8	-0.699161
20.8	1.2	-0.598317
20.8	1.6	-0.504305
20.8	2	-0.416575
20.8	2.4	-0.334629
20.8	2.8	-0.258025
20.8	3.2	-0.186365
20.8	3.6	-0.119293
20.8	4	-0.0564901
20.8	4.4	0.00232712
20.8	4.8	0.0574136
20.8	5.2	0.108997
20.8	5.6	0.157281
20.8	6	0.202447
20.8	6.4	0.24466
20.8	6.8	0.284065
20.8	7.2	0.320796
20.8	7.6	0.35497
20.8	8	0.386698
20.8	8.4	0.416076
20.8	8.8	0.443197
20.8	9.2	0.468144
20.8	9.6	0.490997
20.8	10	0.511829
20.8	10.4	0.530713
20.8	10.8	0.547717
20.8	11.2	0.562909
20.8	11.6	0.576356
20.8	12	0.588127
20.8	12.4	0.598291
20.8	12.8	0.606918
20.8	13.2	0.614083
20.8	13.6	0.619864
20.8	14	0.624342
20.8	14.4	0.627604
20.8	14.8	0.629742
20.8	15.2	0.630856
20.8	15.6	0.631051
20.8	16	0.630441
20.8	16.4	0.629151
20.8	16.8	0.627311
20.8	17.2	0.625065
20.8	17.6	0.62257
20.8	18	0.619991
20.8	18.4	0.61751
20.8	18.8	0.615325
20.8	19.2	0.613648
20.8	19.6	0.612711
20.8	20	0.612764
20.8	20.4	0.614078
20.8	20.8	0.616951
20.8	21.2	0.621702
20.8	21.6	0.62868
20.8	22	0.638265
20.8	22.4	0.65087
20.8	22.8	0.666945
20.8	23.2	0.686978
20.8	23.6	0.711504
20.8	24	0.741105
20.8	24.4	0.776417
20.8	24.8	0.818132
20.8	25.2	0.86701
20.8	25.6	0.92388
21.2	0	-0.881921
21.2	0.4	-0.768293
21.2	0.8	-0.662436
21.2	1.2	-0.563701
21.2	1.6	-0.471507
21.2	2	-0.385331
21.2	2.4	-0.304708
21.2	2.8	-0.229219
21.2	3.2	-0.15849
21.2	3.6	-0.0921882
21.2	4	-0.0300143
21.2	4.4	0.0282979
21.2	4.8	0.0829859
21.2	5.2	0.134262
21.2	5.6	0.182316
21.2	6	0.227316
21.2	6.4	0.269415
21.2	6.8	0.308747
21.2	7.2	0.345435
21.2	7.6	0.379589
21.2	8	0.411309
21.2	8.4	0.440685
21.2	8.8	0.467801
21.2	9.2	0.492735
21.2	9.6	0.515559
21.2	10	0.536341
21.2	10.4	0.555148
21.2	10.8	0.572043
21.2	11.2	0.587091
21.2	11.6	0.600353
21.2	12	0.611894
21.2	12.4	0.621779
21.2	12.8	0.630075
21.2	13.2	0.636854
21.2	13.6	0.642189
21.2	14	0.646159
21.2	14.4	0.648847
21.2	14.8	0.650343
21.2	15.2	0.650742
21.2	15.6	0.650147
21.2	16	0.648669
21.2	16.4	0.646428
21.2	16.8	0.643552
21.2	17.2	0.640182
21.2	17.6	0.636467
21.2	18	0.632572
21.2	18.4	0.628673
21.2	18.8	0.624961
21.2	19.2	0.621644
21.2	19.6	0.618946
21.2	20	0.617111
21.2	20.4	0.616403
21.2	20.8	0.61711
21.2	21.2	0.619542
21.2	21.6	0.624037
21.2	22	0.630964
21.2	22.4	0.64072
21.2	22.8	0.653742
21.2	23.2	0.670502
21.2	23.6	0.691515
21.2	24	0.717343
21.2	24.4	0.748598
21.2	24.8	0.785948
21.2	25.2	0.830124
21.2	25.6	0.881921
21.6	0	-0.83147
21.6	0.4	-0.721363
21.6	0.8	-0.618589
21.6	1.2	-0.522544
21.6	1.6	-0.432688
21.6	2	-0.348534
21.6	2.4	-0.269651
21.6	2.8	-0.19565
21.6	3.2	-0.126187
21.6	3.6	-0.0609535
21.6	4	0.000325754
21.6	4.4	0.0578951
21.6	4.8	0.111972
21.6	5.2	0.162752
21.6	5.6	0.210406
21.6	6	0.255089
21.6	6.4	0.296937
21.6	6.8	0.336074
21.6	7.2	0.37261
21.6	7.6	0.406644
21.6	8	0.438265
21.6	8.4	0.467555
21.6	8.8	0.494589
21.6	9.2	0.519436
21.6	9.6	0.542162
21.6	10	0.562828
21.6	10.4	0.581494
21.6	10.8	0.598217
21.6	11.2	0.613057
21.6	11.6	0.62607
21.6	12	0.637315
21.6	12.4	0.646854
21.6	12.8	0.654749
21.6	13.2	0.661067
21.6	13.6	0.665877
21.6	14	0.669255
21.6	14.4	0.67128
21.6	14.8	0.672037
21.6	15.2	0.671618
21.6	15.6	0.670123
21.6	16	0.667657
21.6	16.4	0.664336
21.6	16.8	0.660285
21.6	17.2	0.655638
21.6	17.6	0.650542
21.6	18	0.645154
21.6	18.4	0.639644
21.6	18.8	0.634198
21.6	19.2	0.629015
21.6	19.6	0.624313
21.6	20	0.620327
21.6	20.4	0.61731
21.6	20.8	0.61554
21.6	21.2	0.615315
21.6	21.6	0.61696
21.6	22	0.620828
21.6	22.4	0.627302
21.6	22.8	0.636798
21.6	23.2	0.64977
21.6	23.6	0.666708
21.6	24	0.688151
21.6	24.4	0.714682
21.6	24.8	0.746938
21.6	25.2	0.785614
21.6	25.6	0.83147
22	0	-0.77301
22	0.4	-0.667098
22	0.8	-0.568012
22	1.2	-0.475199
22	1.6	-0.388164
22	2	-0.306465
22	2.4	-0.229709
22	2.8	-0.157542
22	3.2	-0.0896529
22	3.6	-0.025762
22	4	0.0343778
22	4.4	0.0909866
22	4.8	0.144259
22	5.2	0.194369
22	5.6	0.24147
22	6	0.285697
22	6.4	0.327173
22	6.8	0.366005
22	7.2	0.40229
22	7.6	0.436113
22	8	0.467554
22	8.4	0.496683
22	8.8	0.523565
22	9.2	0.54826
22	9.6	0.570825
22	10	0.591315
22	10.4	0.609781
22	10.8	0.626276
22	11.2	0.640849
22	11.6	0.653554
22	12	0.664443
22	12.4	0.673572
22	12.8	0.680999
22	13.2	0.686785
22	13.6	0.690996
22	14	0.693702
22	14.4	0.694978
22	14.8	0.694905
22	15.2	0.693569
22	15.6	0.691066
22	16	0.687496
22	16.4	0.682971
22	16.8	0.67761
22	17.2	0.671541
22	17.6	0.664905
22	18	0.657852
22	18.4	0.650547
22	18.8	0.643166
22	19.2	0.635902
22	19.6	0.628961
22	20	0.622568
22	20.4	0.616967
22	20.8	0.61242
22	21.2	0.609214
22	21.6	0.607656
22	22	0.608084
22	22.4	0.610859
22	22.8	0.616378
22	23.2	0.625068
22	23.6	0.637397
22	24	0.65387
22	24.4	0.67504
22	24.8	0.701507
22	25.2	0.733926
22	25.6	0.77301
22.4	0	-0.707107
22.4	0.4	-0.606007
22.4	0.8	-0.511161
22.4	1.2	-0.422074
22.4	1.6	-0.338303
22.4	2	-0.259453
22.4	2.4	-0.185175
22.4	2.8	-0.115155
22.4	3.2	-0.0491181
22.4	3.6	0.0131824
22.4	4	0.0719631
22.4	4.4	0.127416
22.4	4.8	0.179711
22.4	5.2	0.228998
22.4	5.6	0.275408
22.4	6	0.31906
22.4	6.4	0.360055
22.4	6.8	0.398485
22.4	7.2	0.434431
22.4	7.6	0.467967
22.4	8	0.499156
22.4	8.4	0.528058
22.4	8.8	0.554728
22.4	9.2	0.579214
22.4	9.6	0.601565
22.4	10	0.621826
22.4	10.4	0.640041
22.4	10.8	0.656254
22.4	11.2	0.67051
22.4	11.6	0.682852
22.4	12	0.693329
22.4	12.4	0.70199
22.4	12.8	0.708888
22.4	13.2	0.714077
22.4	13.6	0.717619
22.4	14	0.719578
22.4	14.4	0.720024
22.4	14.8	0.719032
22.4	15.2	0.716685
22.4	15.6	0.713072
22.4	16	0.708288
22.4	16.4	0.70244
22.4	16.8	0.695638
22.4	17.2	0.688008
22.4	17.6	0.67968
22.4	18	0.6708
22.4	18.4	0.661522
22.4	18.8	0.652015
22.4	19.2	0.642461
22.4	19.6	0.633057
22.4	20	0.624015
22.4	20.4	0.615565
22.4	20.8	0.607957
22.4	21.2	0.60146
22.4	21.6	0.596365
22.4	22	0.592988
22.4	22.4	0.59167
22.4	22.8	0.592782
22.4	23.2	0.596726
22.4	23.6	0.603938
22.4	24	0.614891
22.4	24.4	0.6301
22.4	24.8	0.650124
22.4	25.2	0.675572
22.4	25.6	0.707107
22.8	0	-0.634393
22.8	0.4	-0.53866
22.8	0.8	-0.448551
22.8	1.2	-0.363632
22.8	1.6	-0.283519
22.8	2	-0.207869
22.8	2.4	-0.136381
22.8	2.8	-0.0687848
22.8	3.2	-0.00484469
22.8	3.6	0.0556483
22.8	4	0.112878
22.8	4.4	0.167006
22.8	4.8	0.218173
22.8	5.2	0.266504
22.8	5.6	0.312108
22.8	6	0.35508
22.8	6.4	0.395503
22.8	6.8	0.43345
22.8	7.2	0.468986
22.8	7.6	0.502167
22.8	8	0.533046
22.8	8.4	0.561667
22.8	8.8	0.588074
22.8	9.2	0.612304
22.8	9.6	0.634395
22.8	10	0.654383
22.8	10.4	0.672303
22.8	10.8	0.688191
22.8	11.2	0.702082
22.8	11.6	0.714016
22.8	12	0.724031
22.8	12.4	0.732172
22.8	12.8	0.738483
22.8	13.2	0.743015
22.8	13.6	0.745823
22.8	14	0.746964
22.8	14.4	0.746504
22.8	14.8	0.744512
22.8	15.2	0.741065
22.8	15.6	0.736245
22.8	16	0.730143
22.8	16.4	0.722857
22.8	16.8	0.714494
22.8	17.2	0.705168
22.8	17.6	0.695006
22.8	18	0.684142
22.8	18.4	0.672723
22.8	18.8	0.660908
22.8	19.2	0.648868
22.8	19.6	0.636787
22.8	20	0.624866
22.8	20.4	0.613319
22.8	20.8	0.602381
22.8	21.2	0.592301
22.8	21.6	0.583353
22.8	22	0.57583
22.8	22.4	0.570049
22.8	22.8	0.566353
22.8	23.2	0.565115
22.8	23.6	0.566737
22.8	24	0.571655
22.8	24.4	0.580344
22.8	24.8	0.593316
22.8	25.2	0.61113
22.8	25.6	0.634393
23.2	0	-0.55557
23.2	0.4	-0.46569
23.2	0.8	-0.38075
23.2	1.2	-0.300384
23.2	1.6	-0.22427
23.2	2	-0.152123
23.2	2.4	-0.0836926
23.2	2.8	-0.0187568
23.2	3.2	0.0428773
23.2	3.6	0.101379
23.2	4	0.156896
23.2	4.4	0.209557
23.2	4.8	0.259473
23.2	5.2	0.30674
23.2	5.6	0.351442
23.2	6	0.393651
23.2	6.4	0.433428
23.2	6.8	0.470827
23.2	7.2	0.505895
23.2	7.6	0.538672
23.2	8	0.569194
23.2	8.4	0.597493
23.2	8.8	0.623597
23.2	9.2	0.647534
23.2	9.6	0.669329
23.2	10	0.689009
23.2	10.4	0.706598
23.2	10.8	0.722123
23.2	11.2	0.735613
23.2	11.6	0.747097
23.2	12	0.756607
23.2	12.4	0.764181
23.2	12.8	0.769856
23.2	13.2	0.773677
23.2	13.6	0.775691
23.2	14	0.775951
23.2	14.4	0.774515
23.2	14.8	0.771446
23.2	15.2	0.766816
23.2	15.6	0.760699
23.2	16	0.75318
23.2	16.4	0.74435
23.2	16.8	0.734308
23.2	17.2	0.723163
23.2	17.6	0.71103
23.2	18	0.698036
23.2	18.4	0.684318
23.2	18.8	0.670023
23.2	19.2	0.655311
23.2	19.6	0.640355
23.2	20	0.625338
23.2	20.4	0.610462
23.2	20.8	0.595942
23.2	21.2	0.582009
23.2	21.6	0.568914
23.2	22	0.556928
23.2	22.4	0.54634
23.2	22.8	0.537465
23.2	23.2	0.530642
23.2	23.6	0.526238
23.2	24	0.524649
23.2	24.4	0.526303
23.2	24.8	0.531665
23.2	25.2	0.541239
23.2	25.6	0.55557
23.6	0	-0.471397
23.6	0.4	-0.387781
23.6	0.8	-0.308373
23.6	1.2	-0.232883
23.6	1.6	-0.161054
23.6	2	-0.0926606
23.6	2.4	-0.0275081
23.6	2.8	0.0345739
23.6	3.2	0.0937329
23.6	3.6	0.150096
23.6	4	0.203772
23.6	4.4	0.254855
23.6	4.8	0.303422
23.6	5.2	0.349542
23.6	5.6	0.393271
23.6	6	0.434654
23.6	6.4	0.473732
23.6	6.8	0.510537
23.6	7.2	0.545097
23.6	7.6	0.577434
23.6	8	0.607567
23.6	8.4	0.635513
23.6	8.8	0.661288
23.6	9.2	0.684905
23.6	9.6	0.706379
23.6	10	0.725725
23.6	10.4	0.742956
23.6	10.8	0.758091
23.6	11.2	0.771149
23.6	11.6	0.78215
23.6	12	0.79112
23.6	12.4	0.798087
23.6	12.8	0.803084
23.6	13.2	0.806145
23.6	13.6	0.807313
23.6	14	0.806633
23.6	14.4	0.804157
23.6	14.8	0.799941
23.6	15.2	0.79405
23.6	15.6	0.786553
23.6	16	0.777525
23.6	16.4	0.767053
23.6	16.8	0.755225
23.6	17.2	0.742142
23.6	17.6	0.727912
23.6	18	0.712651
23.6	18.4	0.696486
23.6	18.8	0.679552
23.6	19.2	0.661998
23.6	19.6	0.64398
23.6	20	0.625668
23.6	20.4	0.607247
23.6	20.8	0.588913
23.6	21.2	0.570876
23.6	21.6	0.553365
23.6	22	0.536624
23.6	22.4	0.520916
23.6	22.8	0.506523
23.6	23.2	0.493749
23.6	23.6	0.482923
23.6	24	0.474397
23.6	24.4	0.468554
23.6	24.8	0.465803
23.6	25.2	0.46659
23.6	25.6	0.471397
24	0	-0.382683
24	0.4	-0.305662
24	0.8	-0.23208
24	1.2	-0.161721
24	1.6	-0.0944
24	2	-0.0299563
24	2.4	0.0317476
24	2.8	0.0908286
24	3.2	0.147385
24	3.6	0.201501
24	4	0.253243
24	4.4	0.302668
24	4.8	0.349821
24	5.2	0.394737
24	5.6	0.437445
24	6	0.477964
24	6.4	0.51631
24	6.8	0.552494
24	7.2	0.586522
24	7.6	0.618399
24	8	0.648126
24	8.4	0.675705
24	8.8	0.701136
24	9.2	0.72442
24	9.6	0.745559
24	10	0.764554
24	10.4	0.781411
24	10.8	0.796137
24	11.2	0.80874
24	11.6	0.819234
24	12	0.827636
24	12.4	0.833964
24	12.8	0.838245
24	13.2	0.840505
24	13.6	0.840781
24	14	0.839109
24	14.4	0.835536
24	14.8	0.83011
24	15.2	0.822889
24	15.6	0.813934
24	16	0.803315
24	16.4	0.791108
24	16.8	0.777395
24	17.2	0.762267
24	17.6	0.745823
24	18	0.728169
24	18.4	0.70942
24	18.8	0.689701
24	19.2	0.669145
24	19.6	0.647895
24	20	0.626107
24	20.4	0.603944
24	20.8	0.581584
24	21.2	0.559216
24	21.6	0.537045
24	22	0.515287
24	22.4	0.494175
24	22.8	0.47396
24	23.2	0.454908
24	23.6	0.437306
24	24	0.421464
24	24.4	0.40771
24	24.8	0.396402
24	25.2	0.387923
24	25.6	0.382683
24.4	0	-0.290285
24.4	0.4	-0.220105
24.4	0.8	-0.152562
24.4	1.2	-0.0875207
24.4	1.6	-0.0248685
24.4	2	0.0354884
24.4	2.4	0.0936269
24.4	2.8	0.149608
24.4	3.2	0.20348
24.4	3.6	0.25528
24.4	4	0.305032
24.4	4.4	0.352755
24.4	4.8	0.398457
24.4	5.2	0.442142
24.4	5.6	0.483808
24.4	6	0.523448
24.4	6.4	0.561052
24.4	6.8	0.596607
24.4	7.2	0.6301
24.4	7.6	0.661514
24.4	8	0.690835
24.4	8.4	0.718046
24.4	8.8	0.743133
24.4	9.2	0.766082
24.4	9.6	0.786881
24.4	10	0.805522
24.4	10.4	0.821998
24.4	10.8	0.836304
24.4	11.2	0.848441
24.4	11.6	0.858411
24.4	12	0.866224
24.4	12.4	0.871889
24.4	12.8	0.875425
24.4	13.2	0.876851
24.4	13.6	0.876195
24.4	14	0.873487
24.4	14.4	0.868766
24.4	14.8	0.862075
24.4	15.2	0.85346
24.4	15.6	0.842979
24.4	16	0.830692
24.4	16.4	0.816667
24.4	16.8	0.800978
24.4	17.2	0.783707
24.4	17.6	0.764942
24.4	18	0.74478
24.4	18.4	0.723324
24.4	18.8	0.700685
24.4	19.2	0.676984
24.4	19.6	0.652349
24.4	20	0.626917
24.4	20.4	0.600835
24.4	20.8	0.57426
24.4	21.2	0.547359
24.4	21.6	0.52031
24.4	22	0.493302
24.4	22.4	0.466538
24.4	22.8	0.440232
24.4	23.2	0.414615
24.4	23.6	0.38993
24.4	24	0.36644
24.4	24.4	0.344422
24.4	24.8	0.324173
24.4	25.2	0.306014
24.4	25.6	0.290285
24.8	0	-0.19509
24.8	0.4	-0.131911
24.8	0.8	-0.0705416
24.8	1.2	-0.0109311
24.8	1.6	0.0469585
24.8	2	0.103152
24.8	2.4	0.157664
24.8	2.8	0.210497
24.8	3.2	0.261649
24.8	3.6	0.311106
24.8	4	0.358852
24.8	4.4	0.404862
24.8	4.8	0.449111
24.8	5.2	0.491567
24.8	5.6	0.532198
24.8	6	0.570968
24.8	6.4	0.607842
24.8	6.8	0.642784
24.8	7.2	0.675756
24.8	7.6	0.706724
24.8	8	0.735653
24.8	8.4	0.762511
24.8	8.8	0.787267
24.8	9.2	0.809892
24.8	9.6	0.830363
24.8	10	0.848656
24.8	10.4	0.864753
24.8	10.8	0.87864
24.8	11.2	0.890307
24.8	11.6	0.899747
24.8	12	0.906958
24.8	12.4	0.911944
24.8	12.8	0.914713
24.8	13.2	0.915278
24.8	13.6	0.913659
24.8	14	0.909879
24.8	14.4	0.903967
24.8	14.8	0.89596
24.8	15.2	0.885898
24.8	15.6	0.873829
24.8	16	0.859806
24.8	16.4	0.843889
24.8	16.8	0.826143
24.8	17.2	0.80664
24.8	17.6	0.785458
24.8	18	0.762684
24.8	18.4	0.738409
24.8	18.8	0.712731
24.8	19.2	0.685756
24.8	19.6	0.657598
24.8	20	0.628376
24.8	20.4	0.598219
24.8	20.8	0.567262
24.8	21.2	0.535649
24.8	21.6	0.503532
24.8	22	0.471072
24.8	22.4	0.43844
24.8	22.8	0.405816
24.8	23.2	0.373389
24.8	23.6	0.34136
24.8	24	0.309943
24.8	24.4	0.279362
24.8	24.8	0.249856
24.8	25.2	0.221676
24.8	25.6	0.19509
25.2	0	-0.0980171
25.2	0.4	-0.0419057
25.2	0.8	0.0132373
25.2	1.2	0.0673796
25.2	1.6	0.120482
25.2	2	0.172498
25.2	2.4	0.223379
25.2	2.8	0.273069
25.2	3.2	0.321512
25.2	3.6	0.368645
25.2	4	0.414406
25.2	4.4	0.458732
25.2	4.8	0.501558
25.2	5.2	0.542818
25.2	5.6	0.582449
25.2	6	0.620386
25.2	6.4	0.656566
25.2	6.8	0.69093
25.2	7.2	0.723417
25.2	7.6	0.753973
25.2	8	0.782544
25.2	8.4	0.809079
25.2	8.8	0.833531
25.2	9.2	0.855859
25.2	9.6	0.876022
25.2	10	0.893985
25.2	10.4	0.909719
25.2	10.8	0.923198
25.2	11.2	0.9344
25.2	11.6	0.94331
25.2	12	0.949917
25.2	12.4	0.954215
25.2	12.8	0.956205
25.2	13.2	0.955891
25.2	13.6	0.953284
25.2	14	0.948401
25.2	14.4	0.941263
25.2	14.8	0.931899
25.2	15.2	0.920343
25.2	15.6	0.906633
25.2	16	0.890814
25.2	16.4	0.872939
25.2	16.8	0.853063
25.2	17.2	0.831249
25.2	17.6	0.807566
25.2	18	0.782088
25.2	18.4	0.754895
25.2	18.8	0.726072
25.2	19.2	0.695711
25.2	19.6	0.66391
25.2	20	0.63077
25.2	20.4	0.596402
25.2	20.8	0.560919
25.2	21.2	0.524442
25.2	21.6	0.487096
25.2	22	0.449015
25.2	22.4	0.410335
25.2	22.8	0.371201
25.2	23.2	0.331763
25.2	23.6	0.292178
25.2	24	0.25261
25.2	24.4	0.213228
25.2	24.8	0.174211
25.2	25.2	0.135743
25.2	25.6	0.0980171
25.6	0	-2.44921e-016
25.6	0.4	0.0490677
25.6	0.8	0.0980171
25.6	1.2	0.14673
25.6	1.6	0.19509
25.6	2	0.24298
25.6	2.4	0.290285
25.6	2.8	0.33689
25.6	3.2	0.382683
25.6	3.6	0.427555
25.6	4	0.471397
25.6	4.4	0.514103
25.6	4.8	0.55557
25.6	5.2	0.595699
25.6	5.6	0.634393
25.6	6	0.671559
25.6	6.4	0.707107
25.6	6.8	0.740951
25.6	7.2	0.77301
25.6	7.6	0.803208
25.6	8	0.83147
25.6	8.4	0.857729
25.6	8.8	0.881921
25.6	9.2	0.903989
25.6	9.6	0.92388
25.6	10	0.941544
25.6	10.4	0.95694
25.6	10.8	0.970031
25.6	11.2	0.980785
25.6	11.6	0.989177
25.6	12	0.995185
25.6	12.4	0.998795
25.6	12.8	1
25.6	13.2	0.998795
25.6	13.6	0.995185
25.6	14	0.989177
25.6	14.4	0.980785
25.6	14.8	0.970031
25.6	15.2	0.95694
25.6	15.6	0.941544
25.6	16	0.92388
25.6	16.4	0.903989
25.6	16.8	0.881921
25.6	17.2	0.857729
25.6	17.6	0.83147
25.6	18	0.803208
25.6	18.4	0.77301
25.6	18.8	0.740951
25.6	19.2	0.707107
25.6	19.6	0.671559
25.6	20	0.634393
25.6	20.4	0.595699
25.6	20.8	0.55557
25.6	21.2	0.514103
25.6	21.6	0.471397
25.6	22	0.427555
25.6	22.4	0.382683
25.6	22.8	0.33689
25.6	23.2	0.290285
25.6	23.6	0.24298
25.6	24	0.19509
25.6	24.4	0.14673
25.6	24.8	0.0980171
25.6	25.2	0.0490677
25.6	25.6	2.44921e-016
